0.033596, 0.000000
0.093987, 0.000000
0.183019, 0.000000
0.189370, 0.000000
0.237079, 0.000000
0.328399, 0.000000
0.356297, 0.000000
0.477970, 0.000000
0.618434, 0.000000
0.635392, 0.000000
0.849101, 0.000000
0.882848, 0.000000
1.115974, 0.000000
1.285011, 0.000000
1.285996, 0.000000
1.606149, 0.000000
1.638413, 0.000000
1.675969, 0.000000
1.723108, 0.000000
2.556839, 0.000007
2.694965, 0.000011
2.823927, 0.000015
2.894689, 0.000019
2.988411, 0.000023
3.128353, 0.000027
3.220646, 0.000031
3.319123, 0.000035
3.454202, 0.000039
3.510650, 0.000043
3.564601, 0.000047
3.637284, 0.000051
3.721280, 0.000055
3.814621, 0.000059
3.958613, 0.000063
4.104385, 0.000067
4.248887, 0.000072
4.305536, 0.000076
4.443634, 0.000080
4.541585, 0.000084
4.659123, 0.000088
4.735598, 0.000092
4.851142, 0.000096
4.917787, 0.000100
4.975527, 0.000104
5.061440, 0.000108
5.206825, 0.000112
5.299861, 0.000116
5.404208, 0.000120
5.495911, 0.000125
5.631649, 0.000129
5.689256, 0.000133
5.786981, 0.000137
5.838974, 0.000141
5.937718, 0.000145
6.056709, 0.000149
6.196542, 0.000153
6.250523, 0.000158
6.351034, 0.000162
6.428675, 0.000166
6.482228, 0.000170
6.576702, 0.000174
6.632238, 0.000178
6.715304, 0.000182
6.842998, 0.000187
6.977128, 0.000191
7.079138, 0.000195
7.221517, 0.000199
7.302797, 0.000204
7.451529, 0.000208
7.587595, 0.000212
7.670496, 0.000216
7.765291, 0.000220
7.842149, 0.000224
7.950926, 0.000228
8.026055, 0.000232
8.125307, 0.000236
8.224240, 0.000240
8.334295, 0.000244
8.427845, 0.000249
8.509971, 0.000253
8.585746, 0.000257
8.644251, 0.000261
8.701901, 0.000265
8.809432, 0.000269
8.889796, 0.000273
9.014663, 0.000278
9.100881, 0.000282
9.200723, 0.000286
9.340787, 0.000290
9.399331, 0.000294
9.520382, 0.000299
9.650724, 0.000303
9.769777, 0.000307
9.873547, 0.000311
9.938769, 0.000315
10.084527, 0.000319
10.203670, 0.000323
10.300211, 0.000327
10.377071, 0.000331
10.464241, 0.000335
10.573709, 0.000339
10.634444, 0.000344
10.708769, 0.000347
10.802938, 0.000352
10.884252, 0.000356
10.938489, 0.000360
11.039833, 0.000364
11.118791, 0.000368
11.169889, 0.000372
11.318599, 0.000376
11.401791, 0.000380
11.544099, 0.000384
11.679576, 0.000389
11.747253, 0.000393
11.878180, 0.000397
11.943772, 0.000401
12.010115, 0.000401
12.013801, 0.000401
12.014632, 0.000401
12.017536, 0.000401
12.017377, 0.000401
12.018379, 0.000401
12.042822, 0.000401
12.043391, 0.000401
12.037307, 0.000401
12.036277, 0.000401
12.039820, 0.000401
12.101272, 0.000401
12.138024, 0.000405
12.151330, 0.000405
12.193027, 0.000405
12.194626, 0.000405
12.268788, 0.000409
12.356900, 0.000414
12.448257, 0.000418
12.546607, 0.000422
12.566653, 0.000422
12.572534, 0.000422
12.684796, 0.000426
12.701590, 0.000426
12.709258, 0.000426
12.742501, 0.000430
12.857686, 0.000434
12.929108, 0.000438
12.961487, 0.000438
13.012072, 0.000438
13.010864, 0.000438
13.016691, 0.000438
13.017733, 0.000438
13.018381, 0.000438
13.032570, 0.000438
13.040863, 0.000438
13.042158, 0.000438
13.078202, 0.000442
13.100854, 0.000442
13.153033, 0.000442
13.180454, 0.000446
13.194794, 0.000446
13.238160, 0.000451
13.312227, 0.000455
13.383955, 0.000459
13.470187, 0.000463
13.564817, 0.000463
13.570265, 0.000463
13.591188, 0.000467
13.683123, 0.000471
13.701898, 0.000471
13.706667, 0.000471
13.770250, 0.000475
13.810126, 0.000475
13.842594, 0.000479
13.959577, 0.000479
14.015677, 0.000479
14.019130, 0.000479
14.019617, 0.000479
14.027128, 0.000479
14.035706, 0.000479
14.038237, 0.000479
14.045424, 0.000483
14.104032, 0.000483
14.156735, 0.000483
14.158010, 0.000488
14.245667, 0.000492
14.284545, 0.000492
14.288572, 0.000492
14.353363, 0.000496
14.442960, 0.000500
14.561908, 0.000500
14.565577, 0.000500
14.580622, 0.000504
14.683127, 0.000508
14.705897, 0.000508
14.777436, 0.000508
14.791405, 0.000512
14.820602, 0.000512
14.865570, 0.000517
15.008847, 0.000521
15.094126, 0.000525
15.192953, 0.000529
15.264497, 0.000533
15.296347, 0.000533
15.333020, 0.000538
15.378282, 0.000538
15.410356, 0.000542
15.544945, 0.000546
15.610631, 0.000550
15.664641, 0.000554
15.762238, 0.000558
15.813210, 0.000558
15.885404, 0.000562
16.016568, 0.000566
16.131713, 0.000570
16.256069, 0.000574
16.335902, 0.000578
16.473351, 0.000582
16.590166, 0.000586
16.716819, 0.000590
16.796232, 0.000595
16.868311, 0.000599
16.965107, 0.000602
17.056407, 0.000607
17.130417, 0.000611
17.183169, 0.000615
17.288560, 0.000619
17.405466, 0.000623
17.486705, 0.000627
17.557840, 0.000631
17.651911, 0.000635
17.739388, 0.000639
17.808424, 0.000644
17.875053, 0.000647
18.020187, 0.000652
18.081557, 0.000656
18.175865, 0.000660
18.238159, 0.000664
18.346534, 0.000669
18.447203, 0.000673
18.563312, 0.000677
18.678144, 0.000681
18.747829, 0.000686
18.884019, 0.000690
19.019128, 0.000694
19.147130, 0.000698
19.258010, 0.000702
19.348826, 0.000706
19.432312, 0.000710
19.553308, 0.000714
19.644383, 0.000718
19.788514, 0.000722
19.887658, 0.000726
20.032083, 0.000730
20.145260, 0.000734
20.225453, 0.000738
20.334641, 0.000742
20.431811, 0.000746
20.485245, 0.000750
20.576145, 0.000754
20.669843, 0.000758
20.723069, 0.000762
20.845901, 0.000766
20.972045, 0.000770
21.110649, 0.000774
21.209923, 0.000779
21.268150, 0.000783
21.373080, 0.000787
21.499993, 0.000791
21.631099, 0.000795
21.756827, 0.000799
21.851285, 0.000804
21.907875, 0.000808
21.989934, 0.000812
22.123999, 0.000816
22.213398, 0.000820
22.280011, 0.000824
22.418578, 0.000828
22.507252, 0.000832
22.611253, 0.000836
22.714441, 0.000840
22.845697, 0.000844
22.905066, 0.000848
23.053704, 0.000852
23.184425, 0.000856
23.311195, 0.000861
23.398500, 0.000865
23.508766, 0.000868
23.650046, 0.000873
23.737452, 0.000877
23.820312, 0.000881
23.951080, 0.000885
24.026245, 0.000885
24.024120, 0.000885
24.024648, 0.000885
24.019945, 0.000885
24.021723, 0.000885
24.041340, 0.000885
24.043334, 0.000885
24.045877, 0.000885
24.046780, 0.000885
24.052937, 0.000889
24.146852, 0.000893
24.203389, 0.000893
24.283449, 0.000897
24.360665, 0.000901
24.490769, 0.000905
24.542856, 0.000909
24.643771, 0.000913
24.706643, 0.000913
24.759217, 0.000918
24.883091, 0.000922
24.964618, 0.000922
24.985875, 0.000922
25.010372, 0.000926
25.022336, 0.000926
25.023980, 0.000926
25.023168, 0.000926
25.024325, 0.000926
25.038725, 0.000926
25.046638, 0.000926
25.046183, 0.000926
25.098049, 0.000930
25.163811, 0.000934
25.199766, 0.000934
25.298624, 0.000938
25.410492, 0.000942
25.503170, 0.000946
25.575086, 0.000946
25.637305, 0.000950
25.709852, 0.000950
25.717848, 0.000950
25.729931, 0.000955
25.746527, 0.000955
25.834032, 0.000959
25.972025, 0.000963
26.014967, 0.000963
26.017243, 0.000963
26.017658, 0.000963
26.025865, 0.000963
26.020573, 0.000963
26.046028, 0.000963
26.045234, 0.000967
26.177518, 0.000971
26.309910, 0.000971
26.382228, 0.000971
26.446464, 0.000975
26.562739, 0.000979
26.669441, 0.000983
26.743373, 0.000983
26.773325, 0.000988
26.840422, 0.000988
26.907921, 0.000991
26.980967, 0.000995
27.020725, 0.000995
27.125727, 0.000999
27.251343, 0.001004
27.361570, 0.001004
27.379620, 0.001007
27.456763, 0.001012
27.567656, 0.001016
27.646306, 0.001020
27.765764, 0.001024
27.828928, 0.001028
27.921623, 0.001032
28.020506, 0.001037
28.156944, 0.001041
28.271885, 0.001041
28.292398, 0.001045
28.381385, 0.001049
28.517832, 0.001053
28.628594, 0.001057
28.726070, 0.001061
28.828821, 0.001065
28.944849, 0.001069
29.055722, 0.001073
29.114490, 0.001078
29.230375, 0.001082
29.307957, 0.001086
29.456196, 0.001090
29.545659, 0.001094
29.581054, 0.001094
29.602905, 0.001098
29.648658, 0.001098
29.674382, 0.001102
29.794957, 0.001106
29.894151, 0.001110
30.037950, 0.001115
30.176154, 0.001119
30.277863, 0.001123
30.420923, 0.001127
30.515009, 0.001131
30.601291, 0.001135
30.672157, 0.001140
30.777375, 0.001144
30.911794, 0.001148
30.987395, 0.001152
31.135911, 0.001156
31.242534, 0.001160
31.328138, 0.001164
31.448403, 0.001169
31.590378, 0.001173
31.641844, 0.001177
31.731846, 0.001181
31.875096, 0.001185
31.980415, 0.001189
32.031140, 0.001193
32.169324, 0.001197
32.235227, 0.001201
32.335501, 0.001205
32.396174, 0.001209
32.502315, 0.001213
32.613552, 0.001218
32.754568, 0.001222
32.823106, 0.001226
32.873243, 0.001230
32.951037, 0.001234
33.050414, 0.001239
33.116293, 0.001243
33.236953, 0.001247
33.366935, 0.001251
33.483375, 0.001255
33.564734, 0.001259
33.641571, 0.001263
33.733430, 0.001267
33.797144, 0.001272
33.879908, 0.001276
33.998138, 0.001280
34.066514, 0.001284
34.202235, 0.001288
34.263780, 0.001292
34.365707, 0.001296
34.471056, 0.001300
34.609510, 0.001304
34.735266, 0.001309
34.787710, 0.001313
34.936186, 0.001317
35.059792, 0.001321
35.117378, 0.001325
35.228202, 0.001329
35.305063, 0.001329
35.346612, 0.001333
35.424294, 0.001333
35.462668, 0.001338
35.561815, 0.001342
35.643351, 0.001346
35.664688, 0.001346
35.760065, 0.001350
35.848988, 0.001350
35.907156, 0.001354
35.981910, 0.001358
36.028292, 0.001358
36.028890, 0.001358
36.030577, 0.001358
36.029213, 0.001358
36.082528, 0.001362
36.213399, 0.001366
36.286965, 0.001370
36.301700, 0.001370
36.425137, 0.001370
36.429887, 0.001374
36.500656, 0.001378
36.525736, 0.001378
36.581442, 0.001382
36.691510, 0.001387
36.757692, 0.001391
36.815022, 0.001395
36.844591, 0.001395
36.885971, 0.001399
37.024652, 0.001399
37.031801, 0.001403
37.143972, 0.001407
37.238411, 0.001411
37.306290, 0.001415
37.451285, 0.001419
37.539444, 0.001423
37.678909, 0.001427
37.732605, 0.001431
37.799661, 0.001435
37.879365, 0.001439
37.947553, 0.001443
38.037742, 0.001443
38.070488, 0.001447
38.141104, 0.001447
38.219723, 0.001451
38.339642, 0.001455
38.473117, 0.001459
38.568574, 0.001463
38.619516, 0.001468
38.704306, 0.001472
38.781883, 0.001476
38.901602, 0.001480
38.959312, 0.001484
39.010725, 0.001488
39.111706, 0.001492
39.227623, 0.001496
39.325881, 0.001501
39.423421, 0.001505
39.569953, 0.001509
39.647116, 0.001513
39.738655, 0.001517
39.783076, 0.001517
39.801867, 0.001517
39.829506, 0.001521
39.879146, 0.001521
39.946280, 0.001525
40.062429, 0.001529
40.145391, 0.001533
40.235849, 0.001538
40.288433, 0.001541
40.355777, 0.001546
40.413605, 0.001550
40.474331, 0.001554
40.595389, 0.001558
40.690749, 0.001562
40.781009, 0.001566
40.842165, 0.001570
40.924064, 0.001574
41.046934, 0.001578
41.134684, 0.001582
41.250127, 0.001582
41.268853, 0.001586
41.359099, 0.001591
41.443553, 0.001595
41.536789, 0.001599
41.600329, 0.001603
41.710911, 0.001608
41.819354, 0.001612
41.926720, 0.001616
41.936441, 0.001616
42.032030, 0.001620
42.126995, 0.001624
42.200326, 0.001628
42.331356, 0.001632
42.422237, 0.001636
42.553830, 0.001640
42.606379, 0.001644
42.712741, 0.001648
42.808931, 0.001652
42.861134, 0.001657
42.971626, 0.001661
43.048841, 0.001665
43.171707, 0.001669
43.197338, 0.001669
43.283337, 0.001673
43.372843, 0.001677
43.435538, 0.001681
43.516587, 0.001685
43.591741, 0.001689
43.706350, 0.001693
43.844267, 0.001698
43.918985, 0.001701
43.971910, 0.001706
44.088860, 0.001710
44.145405, 0.001714
44.206250, 0.001718
44.313032, 0.001722
44.375142, 0.001726
44.522429, 0.001730
44.605252, 0.001734
44.715117, 0.001738
44.801898, 0.001743
44.855010, 0.001747
44.908917, 0.001751
45.002894, 0.001755
45.102774, 0.001759
45.157886, 0.001763
45.281173, 0.001767
45.389153, 0.001771
45.498771, 0.001775
45.558406, 0.001780
45.689183, 0.001784
45.757360, 0.001788
45.884982, 0.001792
45.966353, 0.001796
46.021316, 0.001800
46.156337, 0.001804
46.235813, 0.001808
46.322522, 0.001813
46.378719, 0.001817
46.461320, 0.001821
46.552278, 0.001825
46.691188, 0.001829
46.760109, 0.001833
46.826578, 0.001833
46.899891, 0.001837
46.977060, 0.001841
47.084611, 0.001845
47.190108, 0.001849
47.241224, 0.001853
47.340820, 0.001858
47.444062, 0.001862
47.557916, 0.001866
47.630461, 0.001870
47.745155, 0.001874
47.817963, 0.001874
47.833203, 0.001878
47.859533, 0.001878
47.878362, 0.001878
47.978145, 0.001882
48.050248, 0.001886
48.132944, 0.001890
48.224199, 0.001895
48.354922, 0.001899
48.411115, 0.001903
48.505783, 0.001903
48.533966, 0.001907
48.601014, 0.001907
48.613740, 0.001911
48.688320, 0.001911
48.724110, 0.001916
48.798729, 0.001916
48.800055, 0.001920
48.885407, 0.001924
48.970419, 0.001929
49.116979, 0.001933
49.199045, 0.001937
49.258437, 0.001941
49.382931, 0.001945
49.401768, 0.001945
49.477286, 0.001949
49.565657, 0.001953
49.680184, 0.001957
49.804643, 0.001961
49.925108, 0.001965
50.009932, 0.001969
50.088709, 0.001969
50.129955, 0.001973
50.166815, 0.001973
50.274695, 0.001977
50.387956, 0.001982
50.500297, 0.001986
50.632168, 0.001990
50.704713, 0.001990
50.778476, 0.001994
50.862190, 0.001998
50.936217, 0.002002
50.941742, 0.002002
51.004334, 0.002006
51.098925, 0.002010
51.170582, 0.002014
51.222995, 0.002014
51.236312, 0.002019
51.292862, 0.002023
51.431243, 0.002027
51.546957, 0.002027
51.573891, 0.002031
51.648060, 0.002035
51.743911, 0.002039
51.823192, 0.002043
51.920356, 0.002047
51.972159, 0.002051
52.033658, 0.002056
52.158159, 0.002060
52.244970, 0.002064
52.334433, 0.002068
52.454281, 0.002072
52.549222, 0.002077
52.672573, 0.002081
52.803570, 0.002085
52.890437, 0.002089
53.015796, 0.002093
53.136995, 0.002097
53.159563, 0.002097
53.263308, 0.002101
53.354560, 0.002105
53.431568, 0.002109
53.560229, 0.002113
53.636983, 0.002117
53.701419, 0.002117
53.782755, 0.002122
53.843763, 0.002126
53.899673, 0.002130
53.994915, 0.002134
54.138844, 0.002138
54.244662, 0.002142
54.317741, 0.002146
54.435679, 0.002150
54.541647, 0.002150
54.559200, 0.002155
54.675918, 0.002159
54.754031, 0.002163
54.826432, 0.002167
54.942276, 0.002171
54.997914, 0.002175
55.056363, 0.002179
55.144224, 0.002184
55.234117, 0.002188
55.314832, 0.002191
55.409062, 0.002196
55.542980, 0.002200
55.570110, 0.002200
55.685070, 0.002204
55.783411, 0.002208
55.869532, 0.002212
55.991709, 0.002216
56.042761, 0.002220
56.183428, 0.002224
56.325047, 0.002228
56.333119, 0.002240
56.461780, 0.002248
56.473004, 0.002253
56.486116, 0.002253
56.537019, 0.002266
56.587127, 0.002270
56.614286, 0.002279
56.684008, 0.002283
56.755773, 0.002291
56.802817, 0.002295
56.897139, 0.002299
56.903327, 0.002308
56.985723, 0.002312
57.012461, 0.002320
57.075568, 0.002325
57.111023, 0.002333
57.159542, 0.002337
57.224689, 0.002346
57.259006, 0.002350
57.299417, 0.002359
57.349803, 0.002367
57.379298, 0.002371
57.450980, 0.002379
57.516727, 0.002387
57.526933, 0.002393
57.612100, 0.002402
57.653893, 0.002406
57.685220, 0.002414
57.736759, 0.002422
57.760148, 0.002426
57.811445, 0.002430
57.848440, 0.002438
57.862119, 0.002443
57.953740, 0.002447
57.968154, 0.002455
58.020025, 0.002463
58.036198, 0.002467
58.104546, 0.002471
58.118657, 0.002480
58.205367, 0.002484
58.252322, 0.002492
58.334335, 0.002496
58.384933, 0.002505
58.405326, 0.002509
58.481718, 0.002517
58.535259, 0.002521
58.578738, 0.002530
58.651080, 0.002534
58.682635, 0.002542
58.791761, 0.002546
58.797549, 0.002555
58.876888, 0.002559
58.900110, 0.002568
58.959029, 0.002576
58.981737, 0.002580
59.055203, 0.002588
59.078502, 0.002593
59.154725, 0.002601
59.200534, 0.002605
59.241232, 0.002613
59.338582, 0.002617
59.347468, 0.002626
59.409748, 0.002630
59.435031, 0.002638
59.448963, 0.002638
59.494663, 0.002647
59.533551, 0.002651
59.636837, 0.002655
59.644297, 0.002663
59.746347, 0.002672
59.775122, 0.002676
59.820372, 0.002684
59.888296, 0.002693
59.896269, 0.002700
59.953778, 0.002708
60.001093, 0.002712
60.037990, 0.002712
60.067048, 0.002721
60.113214, 0.002725
60.152755, 0.002733
60.218095, 0.002741
60.232914, 0.002745
60.343847, 0.002749
60.358863, 0.002757
60.414736, 0.002766
60.458219, 0.002770
60.492871, 0.002778
60.502256, 0.002778
60.558577, 0.002782
60.599922, 0.002790
60.649808, 0.002794
60.701965, 0.002798
60.724803, 0.002806
60.758071, 0.002810
60.819791, 0.002814
60.834582, 0.002823
60.930529, 0.002831
60.954910, 0.002835
61.043101, 0.002844
61.091916, 0.002848
61.151583, 0.002852
61.167400, 0.002860
61.210166, 0.002865
61.241769, 0.002873
61.302086, 0.002877
61.376053, 0.002885
61.450984, 0.002890
61.469280, 0.002898
61.553376, 0.002902
61.602085, 0.002911
61.667266, 0.002915
61.708795, 0.002923
61.720428, 0.002928
61.743355, 0.002928
61.796252, 0.002932
61.832032, 0.002940
61.866381, 0.002944
61.876443, 0.002944
61.929081, 0.002953
61.936870, 0.002953
62.004048, 0.002957
62.067005, 0.002965
62.083313, 0.002970
62.144098, 0.002978
62.207377, 0.002982
62.250105, 0.002990
62.323969, 0.002995
62.331153, 0.003003
62.426670, 0.003011
62.451088, 0.003015
62.497596, 0.003024
62.587810, 0.003032
62.589197, 0.003044
62.664094, 0.003048
62.671242, 0.003057
62.692104, 0.003057
62.740773, 0.003065
62.812973, 0.003069
62.838031, 0.003078
62.925811, 0.003086
62.958264, 0.003090
62.978942, 0.003098
63.029892, 0.003106
63.047575, 0.003110
63.088626, 0.003118
63.128911, 0.003123
63.151894, 0.003131
63.209631, 0.003135
63.293013, 0.003135
63.324099, 0.003139
63.338314, 0.003147
63.405366, 0.003151
63.438270, 0.003160
63.461862, 0.003164
63.546427, 0.003164
63.576895, 0.003168
63.578059, 0.003180
63.634681, 0.003185
63.644852, 0.003193
63.761601, 0.003197
63.761902, 0.003210
63.830136, 0.003215
63.848190, 0.003215
63.899614, 0.003223
63.949454, 0.003227
63.984587, 0.003235
64.038299, 0.003239
64.063336, 0.003248
64.180024, 0.003252
64.209391, 0.003260
64.295830, 0.003268
64.309023, 0.003272
64.410592, 0.003281
64.444178, 0.003285
64.547809, 0.003294
64.565360, 0.003298
64.609630, 0.003306
64.631387, 0.003310
64.681305, 0.003319
64.687479, 0.003327
64.777442, 0.003331
64.819577, 0.003340
64.898323, 0.003348
64.922286, 0.003352
64.960401, 0.003352
64.991069, 0.003360
65.040513, 0.003364
65.071133, 0.003372
65.121682, 0.003377
65.133547, 0.003377
65.135611, 0.003385
65.198039, 0.003389
65.213234, 0.003398
65.266629, 0.003406
65.274615, 0.003413
65.379794, 0.003422
65.399551, 0.003426
65.511425, 0.003434
65.526590, 0.003438
65.611056, 0.003438
65.616617, 0.003438
65.620230, 0.003445
65.685544, 0.003454
65.753467, 0.003458
65.826798, 0.003462
65.833767, 0.003471
65.918013, 0.003479
65.963866, 0.003483
66.018906, 0.003491
66.086605, 0.003495
66.089230, 0.003507
66.145591, 0.003515
66.155954, 0.003521
66.225757, 0.003529
66.300623, 0.003533
66.325735, 0.003542
66.382253, 0.003546
66.391413, 0.003554
66.448469, 0.003558
66.466922, 0.003566
66.527046, 0.003566
66.562268, 0.003574
66.584814, 0.003579
66.645248, 0.003582
66.705233, 0.003591
66.739152, 0.003595
66.827145, 0.003604
66.839810, 0.003608
66.921087, 0.003616
66.921439, 0.003628
66.985920, 0.003636
67.055059, 0.003644
67.065251, 0.003650
67.142722, 0.003654
67.202781, 0.003662
67.231963, 0.003666
67.325419, 0.003675
67.358534, 0.003679
67.415494, 0.003687
67.474110, 0.003691
67.546120, 0.003699
67.588728, 0.003703
67.640282, 0.003708
67.643216, 0.003719
67.740329, 0.003727
67.768223, 0.003732
67.820837, 0.003736
67.832588, 0.003744
67.900772, 0.003753
67.969363, 0.003757
68.005273, 0.003765
68.094299, 0.003765
68.098579, 0.003773
68.107140, 0.003773
68.116183, 0.003777
68.177535, 0.003786
68.219191, 0.003790
68.264045, 0.003798
68.294813, 0.003802
68.323078, 0.003810
68.425689, 0.003815
68.451626, 0.003823
68.493639, 0.003827
68.508014, 0.003836
68.558524, 0.003844
68.598163, 0.003848
68.664911, 0.003848
68.690773, 0.003856
68.728072, 0.003861
68.745971, 0.003869
68.832879, 0.003873
68.852071, 0.003882
68.948041, 0.003890
68.960331, 0.003894
69.010710, 0.003902
69.037539, 0.003906
69.154058, 0.003915
69.166033, 0.003919
69.261872, 0.003927
69.311948, 0.003931
69.315286, 0.003941
69.388972, 0.003946
69.393755, 0.003955
69.456889, 0.003959
69.512548, 0.003968
69.591682, 0.003977
69.600833, 0.003983
69.668701, 0.003987
69.724657, 0.003996
69.791638, 0.003996
69.797570, 0.004005
69.920332, 0.004009
69.939218, 0.004017
70.040964, 0.004021
70.087996, 0.004030
70.145949, 0.004034
70.151633, 0.004043
70.243880, 0.004047
70.266184, 0.004056
70.373432, 0.004060
70.375714, 0.004071
70.430384, 0.004075
70.459676, 0.004083
70.554290, 0.004087
70.562858, 0.004096
70.618864, 0.004104
70.703991, 0.004109
70.744598, 0.004117
70.754906, 0.004123
70.855848, 0.004131
70.859311, 0.004142
70.922470, 0.004150
70.975364, 0.004154
71.053532, 0.004162
71.094395, 0.004166
71.131400, 0.004174
71.165658, 0.004178
71.238972, 0.004182
71.240035, 0.004194
71.289432, 0.004199
71.356990, 0.004207
71.376657, 0.004211
71.438129, 0.004219
71.493347, 0.004224
71.585430, 0.004228
71.587024, 0.004240
71.691218, 0.004248
71.697712, 0.004256
71.821306, 0.004265
71.834446, 0.004269
71.901893, 0.004273
71.910844, 0.004282
72.021150, 0.004286
72.059174, 0.004294
72.142481, 0.004298
72.154223, 0.004307
72.203499, 0.004311
72.220736, 0.004320
72.263801, 0.004324
72.280488, 0.004332
72.324255, 0.004336
72.406336, 0.004344
72.424602, 0.004348
72.467680, 0.004357
72.566895, 0.004361
72.610014, 0.004369
72.682299, 0.004378
72.705363, 0.004382
72.759894, 0.004391
72.807191, 0.004395
72.884018, 0.004403
72.915972, 0.004407
72.990651, 0.004416
73.033196, 0.004420
73.123057, 0.004429
73.172283, 0.004433
73.224871, 0.004441
73.240230, 0.004441
73.295444, 0.004445
73.314340, 0.004457
73.346463, 0.004461
73.408409, 0.004466
73.409286, 0.004478
73.493824, 0.004482
73.521724, 0.004490
73.596405, 0.004494
73.610255, 0.004502
73.678208, 0.004507
73.738509, 0.004515
73.782705, 0.004515
73.802119, 0.004519
73.812765, 0.004527
73.876028, 0.004536
73.908043, 0.004536
73.939170, 0.004540
73.993352, 0.004548
74.078354, 0.004552
74.113168, 0.004561
74.188043, 0.004565
74.209970, 0.004573
74.275433, 0.004581
74.333935, 0.004585
74.345239, 0.004594
74.422145, 0.004598
74.484803, 0.004598
74.492461, 0.004606
74.544194, 0.004610
74.557934, 0.004619
74.683307, 0.004623
74.699355, 0.004631
74.745925, 0.004635
74.801329, 0.004643
74.811618, 0.004643
74.811870, 0.004650
74.910643, 0.004654
74.919074, 0.004662
75.001372, 0.004670
75.036932, 0.004674
75.069720, 0.004674
75.102033, 0.004679
75.150300, 0.004687
75.229600, 0.004691
75.262536, 0.004700
75.345092, 0.004709
75.366530, 0.004713
75.441702, 0.004721
75.463661, 0.004725
75.590881, 0.004734
75.613497, 0.004738
75.726719, 0.004746
75.759637, 0.004750
75.786577, 0.004750
75.808388, 0.004759
75.833835, 0.004763
75.947081, 0.004771
75.980419, 0.004775
76.047107, 0.004784
76.058499, 0.004788
76.158482, 0.004792
76.184260, 0.004800
76.243775, 0.004809
76.274355, 0.004809
76.294151, 0.004813
76.373496, 0.004821
76.419627, 0.004825
76.494709, 0.004825
76.493465, 0.004837
76.626957, 0.004845
76.636112, 0.004851
76.706436, 0.004855
76.769687, 0.004864
76.850179, 0.004868
76.891073, 0.004876
76.960846, 0.004876
76.987047, 0.004880
77.049012, 0.004889
77.112206, 0.004897
77.124466, 0.004901
77.208736, 0.004905
77.235500, 0.004914
77.284367, 0.004918
77.379099, 0.004926
77.404989, 0.004926
77.426332, 0.004930
77.501562, 0.004938
77.542939, 0.004943
77.622718, 0.004951
77.650544, 0.004955
77.710499, 0.004955
77.741239, 0.004964
77.776889, 0.004968
77.861634, 0.004976
77.922601, 0.004980
77.974223, 0.004984
77.977236, 0.004995
78.070333, 0.005003
78.079958, 0.005009
78.130927, 0.005014
78.167229, 0.005014
78.173580, 0.005022
78.181090, 0.005029
78.278128, 0.005038
78.290731, 0.005042
78.368127, 0.005050
78.424698, 0.005054
78.460022, 0.005063
78.510023, 0.005063
78.544991, 0.005067
78.585340, 0.005076
78.676253, 0.005080
78.708685, 0.005088
78.795490, 0.005093
78.824191, 0.005101
78.920585, 0.005109
78.934376, 0.005113
78.993131, 0.005122
79.060266, 0.005126
79.124939, 0.005126
79.139645, 0.005134
79.194810, 0.005138
79.278407, 0.005142
79.279170, 0.005155
79.408389, 0.005163
79.418215, 0.005169
79.495842, 0.005177
79.506863, 0.005182
79.560489, 0.005190
79.626115, 0.005195
79.669446, 0.005203
79.692176, 0.005207
79.724144, 0.005215
79.825038, 0.005219
79.845050, 0.005228
79.932324, 0.005232
79.942284, 0.005240
79.957430, 0.005240
80.020619, 0.005249
80.069061, 0.005253
80.096276, 0.005261
80.124019, 0.005265
80.186089, 0.005265
80.241764, 0.005274
80.284673, 0.005278
80.385626, 0.005286
80.412609, 0.005290
80.485009, 0.005294
80.499236, 0.005303
80.614639, 0.005307
80.615863, 0.005319
80.698440, 0.005323
80.739405, 0.005331
80.778517, 0.005336
80.866793, 0.005340
80.881949, 0.005348
80.920206, 0.005352
80.983711, 0.005356
81.009158, 0.005356
81.013972, 0.005365
81.053369, 0.005369
81.067215, 0.005377
81.148957, 0.005381
81.202788, 0.005390
81.231503, 0.005394
81.301651, 0.005402
81.344865, 0.005406
81.369875, 0.005415
81.434500, 0.005423
81.464649, 0.005427
81.573702, 0.005431
81.575276, 0.005443
81.673308, 0.005452
81.688451, 0.005456
81.731428, 0.005464
81.767052, 0.005468
81.795454, 0.005476
81.834209, 0.005481
81.925532, 0.005481
81.942815, 0.005489
81.951558, 0.005489
81.980938, 0.005493
82.087221, 0.005501
82.094339, 0.005509
82.152405, 0.005513
82.208871, 0.005521
82.246739, 0.005526
82.344848, 0.005529
82.345517, 0.005542
82.426775, 0.005550
82.470452, 0.005555
82.523955, 0.005559
82.564798, 0.005567
82.620446, 0.005571
82.670883, 0.005580
82.695214, 0.005584
82.729303, 0.005592
82.843957, 0.005597
82.855547, 0.005605
82.941652, 0.005609
82.966561, 0.005618
83.028241, 0.005626
83.046459, 0.005630
83.138152, 0.005639
83.165925, 0.005643
83.212651, 0.005651
83.221463, 0.005658
83.274363, 0.005662
83.361222, 0.005671
83.401578, 0.005675
83.447299, 0.005683
83.501164, 0.005691
83.511819, 0.005696
83.605014, 0.005700
83.634905, 0.005709
83.728863, 0.005713
83.764711, 0.005721
83.812960, 0.005725
83.867873, 0.005733
83.929521, 0.005742
83.954486, 0.005746
84.070792, 0.005754
84.077810, 0.005762
84.178837, 0.005770
84.187697, 0.005777
84.280899, 0.005786
84.313950, 0.005790
84.370828, 0.005798
84.424966, 0.005802
84.476361, 0.005811
84.554929, 0.005815
84.620103, 0.005823
84.691706, 0.005836
84.694945, 0.005842
84.780557, 0.005842
84.828538, 0.005846
84.849353, 0.005854
84.919308, 0.005858
84.951329, 0.005867
84.998110, 0.005871
85.063569, 0.005879
85.119105, 0.005883
85.172876, 0.005891
85.192026, 0.005896
85.268665, 0.005904
85.306690, 0.005908
85.333017, 0.005917
85.377178, 0.005921
85.449684, 0.005929
85.452700, 0.005940
85.512224, 0.005940
85.512148, 0.005952
85.581099, 0.005957
85.584744, 0.005967
85.670184, 0.005975
85.682576, 0.005980
85.807823, 0.005988
85.827436, 0.005992
85.861868, 0.006001
85.883041, 0.006005
85.996641, 0.006014
86.024323, 0.006018
86.139855, 0.006026
86.167814, 0.006031
86.235013, 0.006035
86.252513, 0.006043
86.273778, 0.006043
86.303637, 0.006052
86.356492, 0.006056
86.424201, 0.006064
86.502608, 0.006068
86.522868, 0.006076
86.539504, 0.006076
86.581358, 0.006080
86.591400, 0.006089
86.646629, 0.006097
86.713046, 0.006101
86.777469, 0.006110
86.808615, 0.006114
86.895178, 0.006123
86.913739, 0.006127
86.971830, 0.006135
86.991556, 0.006135
87.040140, 0.006139
87.080252, 0.006148
87.099310, 0.006152
87.152822, 0.006156
87.222975, 0.006164
87.224752, 0.006176
87.334831, 0.006180
87.338769, 0.006190
87.440607, 0.006194
87.486261, 0.006202
87.550598, 0.006206
87.563688, 0.006214
87.627376, 0.006223
87.651545, 0.006227
87.691301, 0.006227
87.712943, 0.006235
87.753007, 0.006239
87.828122, 0.006248
87.885555, 0.006252
87.940923, 0.006260
87.990833, 0.006264
88.038987, 0.006273
88.070863, 0.006277
88.116878, 0.006285
88.187583, 0.006289
88.217983, 0.006297
88.247639, 0.006301
88.324945, 0.006310
88.357973, 0.006314
88.424831, 0.006318
88.471521, 0.006326
88.491418, 0.006330
88.538706, 0.006339
88.596697, 0.006343
88.659672, 0.006351
88.691994, 0.006355
88.757945, 0.006364
88.810820, 0.006368
88.846686, 0.006377
88.939549, 0.006381
88.975012, 0.006389
89.075216, 0.006393
89.119123, 0.006402
89.199498, 0.006410
89.211436, 0.006415
89.263825, 0.006424
89.305588, 0.006428
89.342383, 0.006436
89.378599, 0.006440
89.480942, 0.006448
89.528309, 0.006452
89.603078, 0.006456
89.607886, 0.006466
89.704982, 0.006470
89.728097, 0.006478
89.797362, 0.006482
89.801001, 0.006493
89.856802, 0.006497
89.889104, 0.006507
89.893934, 0.006507
89.960673, 0.006511
89.981723, 0.006511
90.020253, 0.006519
90.084096, 0.006523
90.106792, 0.006531
90.163560, 0.006535
90.213688, 0.006543
90.226194, 0.006543
90.250094, 0.006547
90.267083, 0.006556
90.337596, 0.006564
90.382504, 0.006568
90.446470, 0.006577
90.470920, 0.006577
90.516492, 0.006585
90.537963, 0.006585
90.569425, 0.006594
90.621585, 0.006602
90.636456, 0.006606
90.711156, 0.006615
90.780584, 0.006619
90.835243, 0.006627
90.916907, 0.006631
90.968267, 0.006631
91.046138, 0.006635
91.115745, 0.006643
91.149284, 0.006647
91.204576, 0.006656
91.204950, 0.006669
91.277194, 0.006677
91.315283, 0.006681
91.332748, 0.006690
91.403278, 0.006698
91.456627, 0.006702
91.512934, 0.006711
91.557646, 0.006715
91.611611, 0.006723
91.662221, 0.006727
91.753525, 0.006735
91.794836, 0.006739
91.812790, 0.006748
91.892347, 0.006752
91.947824, 0.006752
91.959977, 0.006760
91.963016, 0.006771
92.045346, 0.006775
92.077575, 0.006783
92.115382, 0.006783
92.194457, 0.006787
92.227480, 0.006796
92.324743, 0.006805
92.332490, 0.006812
92.390531, 0.006812
92.425474, 0.006821
92.427710, 0.006832
92.483018, 0.006841
92.521509, 0.006841
92.549289, 0.006849
92.562485, 0.006853
92.601282, 0.006853
92.603430, 0.006862
92.687862, 0.006866
92.733321, 0.006874
92.750306, 0.006879
92.814689, 0.006883
92.853649, 0.006891
92.888501, 0.006895
92.981840, 0.006904
93.024024, 0.006908
93.058328, 0.006916
93.146610, 0.006920
93.164014, 0.006929
93.206691, 0.006933
93.262664, 0.006941
93.316189, 0.006945
93.369280, 0.006950
93.396400, 0.006958
93.508174, 0.006962
93.542344, 0.006971
93.611347, 0.006979
93.654479, 0.006983
93.690387, 0.006983
93.695405, 0.006992
93.764271, 0.007000
93.797920, 0.007004
93.814756, 0.007012
93.925464, 0.007016
93.962257, 0.007025
93.992351, 0.007029
94.028304, 0.007037
94.087165, 0.007041
94.133974, 0.007049
94.137282, 0.007060
94.213017, 0.007064
94.227652, 0.007073
94.288804, 0.007077
94.295712, 0.007085
94.349430, 0.007093
94.374598, 0.007098
94.441403, 0.007102
94.472000, 0.007110
94.523238, 0.007115
94.549003, 0.007123
94.664398, 0.007127
94.696463, 0.007135
94.765586, 0.007148
94.768366, 0.007154
94.883846, 0.007163
94.890305, 0.007171
94.976722, 0.007175
95.015224, 0.007184
95.035195, 0.007188
95.108511, 0.007196
95.179110, 0.007200
95.206999, 0.007208
95.262689, 0.007217
95.281053, 0.007221
95.327466, 0.007230
95.370210, 0.007234
95.382011, 0.007242
95.483294, 0.007246
95.505329, 0.007255
95.594661, 0.007259
95.649518, 0.007263
95.649807, 0.007275
95.728892, 0.007279
95.732969, 0.007288
95.797875, 0.007292
95.840879, 0.007301
95.854023, 0.007305
95.896021, 0.007313
95.946936, 0.007322
95.955259, 0.007322
96.051241, 0.007330
96.090274, 0.007334
96.195193, 0.007342
96.225006, 0.007346
96.260417, 0.007355
96.304889, 0.007359
96.400396, 0.007367
96.412657, 0.007372
96.426956, 0.007372
96.507326, 0.007380
96.530176, 0.007384
96.574754, 0.007393
96.623318, 0.007397
96.643797, 0.007405
96.738299, 0.007414
96.747765, 0.007420
96.821396, 0.007428
96.882462, 0.007441
96.882646, 0.007448
97.021815, 0.007461
97.024462, 0.007468
97.127939, 0.007472
97.140481, 0.007480
97.186555, 0.007485
97.226775, 0.007493
97.280673, 0.007497
97.338446, 0.007505
97.342543, 0.007515
97.416378, 0.007519
97.483117, 0.007528
97.499170, 0.007532
97.555615, 0.007536
97.602527, 0.007536
97.606131, 0.007548
97.607200, 0.007556
97.667389, 0.007564
97.724404, 0.007569
97.753112, 0.007577
97.801522, 0.007581
97.885248, 0.007590
97.914458, 0.007594
97.988707, 0.007602
98.011510, 0.007606
98.063683, 0.007606
98.067773, 0.007615
98.095996, 0.007615
98.119327, 0.007619
98.136701, 0.007627
98.193182, 0.007636
98.212378, 0.007636
98.223649, 0.007640
98.302519, 0.007644
98.331032, 0.007652
98.425737, 0.007656
98.441133, 0.007664
98.487611, 0.007668
98.570410, 0.007677
98.626456, 0.007681
98.704273, 0.007685
98.710905, 0.007693
98.768109, 0.007697
98.853676, 0.007706
98.888088, 0.007710
98.953603, 0.007718
98.996595, 0.007722
99.067970, 0.007726
99.088419, 0.007734
99.127918, 0.007738
99.169189, 0.007747
99.196703, 0.007751
99.223478, 0.007759
99.311880, 0.007763
99.369263, 0.007772
99.379309, 0.007778
99.487306, 0.007786
99.524533, 0.007790
99.573097, 0.007799
99.663041, 0.007807
99.674379, 0.007812
99.793460, 0.007821
99.815067, 0.007825
99.924241, 0.007833
99.964611, 0.007837
99.998104, 0.007845
100.048693, 0.007853
100.066165, 0.007858
100.176046, 0.007866
