2.702565	28.10750
2.836641	29.27780
2.951820	31.11030
3.095360	30.42400
3.195913	32.04630
3.278677	34.04640
3.389342	34.44070
3.477367	35.59700
3.601851	35.27610
3.732410	34.84260
3.796297	36.35140
3.873694	37.32530
3.966770	37.76640
4.023676	39.09360
4.099090	39.83790
4.232237	39.11670
4.284229	40.31050
4.337901	41.39550
4.396822	42.29600
4.490789	42.35890
4.598414	42.13220
4.666851	42.70690
4.718099	43.58940
4.836891	43.11480
4.890195	43.88530
4.963043	44.25890
5.030459	44.70860
5.092636	45.22760
5.143683	45.91850
5.229014	45.98500
5.301794	46.25800
5.441687	45.43460
5.495983	45.98890
5.618544	45.48580
5.756828	44.80010
5.831043	45.03570
5.889221	45.47860
5.971842	45.57770
6.051248	45.71420
6.156313	45.51780
6.287816	45.01130
6.382852	44.96380
6.511701	44.53450
6.652382	44.00490
6.747146	43.98720
6.878475	43.59830
6.954254	43.77840
7.092209	43.34990
7.189185	43.32660
7.309269	43.09370
7.439138	42.78640
7.517147	42.93930
7.642231	42.68850
7.787476	42.28620
7.869466	42.40460
7.988215	42.23170
8.123146	41.94380
8.193060	42.15020
8.282116	42.21000
8.401064	42.05180
8.458194	42.33870
8.523396	42.56260
8.650694	42.34560
8.761703	42.24810
8.869357	42.17650
9.001782	41.94540
9.121294	41.80580
9.226474	41.76060
9.348016	41.61630
9.480498	41.41160
9.551914	41.57440
9.673710	41.43840
9.797418	41.29610
9.901946	41.26610
10.038505	41.06040
10.146750	41.01440
10.215688	41.18010
10.310082	41.20700
10.366147	41.43570
10.461470	41.45420
10.553466	41.48950
10.660599	41.44640
10.749716	41.49560
10.865502	41.41030
11.006482	41.20410
11.081711	41.32100
11.213436	41.16540
11.285977	41.29250
11.415328	41.15190
11.520163	41.12760
11.628387	41.08850
11.770050	40.90130
11.915414	40.70360
11.991461	40.80970
12.095681	40.79320
12.214530	40.71530
12.333599	40.63840
12.482908	40.43980
12.576811	40.46960
12.679973	40.46180
12.803886	40.37220
12.917041	40.32660
13.057301	40.17800
13.131866	40.28210
13.211200	40.36660
13.305049	40.39520
13.417293	40.35480
13.539947	40.27710
13.638023	40.29030
13.755005	40.23520
13.826938	40.34180
13.887721	40.48690
14.004107	40.43310
14.142784	40.30260
14.276790	40.19130
14.389798	40.15360
14.505465	40.10770
14.558589	40.27150
14.674086	40.22560
14.822719	40.07210
14.921066	40.08470
14.985489	40.20650
15.067431	40.27050
15.180872	40.23310
15.264317	40.29120
15.368209	40.28420
15.439569	40.37900
15.514034	40.46310
15.570098	40.60350
15.643844	40.68770
15.753375	40.66040
15.871085	40.60850
15.934284	40.72290
16.038777	40.71110
16.100319	40.82850
16.208405	40.80530
16.273520	40.91020
16.375299	40.90530
16.503012	40.82440
16.569063	40.92430
16.699306	40.83700
16.797693	40.84250
16.889411	40.86690
17.011658	40.80470
17.126375	40.76450
17.210917	40.80880
17.347034	40.71020
17.435476	40.74350
17.535214	40.74570
17.605279	40.82820
17.727451	40.76940
17.845672	40.72200
17.987658	40.61280
18.126037	40.51490
18.262514	40.42360
18.342498	40.47830
18.490723	40.35880
18.609126	40.31620
18.720134	40.29280
18.806883	40.32970
18.879803	40.40050
18.990816	40.37680
19.067619	40.43710
19.208301	40.34140
19.306404	40.34970
19.404565	40.35770
19.478669	40.42310
19.592098	40.39430
19.647354	40.50340
19.765831	40.46260
19.870560	40.45440
20.018325	40.34660
20.152684	40.27130
20.234393	40.31690
20.324151	40.34380
20.439362	40.31290
20.586096	40.21200
20.707401	40.16890
20.789705	40.21220
20.909704	40.17250
20.971074	40.26100
21.048763	40.31340
21.137064	40.34220
21.263461	40.28860
21.379336	40.25820
21.504292	40.20890
21.620170	40.17930
21.744277	40.13290
21.856781	40.11120
21.961556	40.10570
22.048306	40.13740
22.140908	40.15670
22.289010	40.06290
22.420144	40.00460
22.511770	40.02620
22.606242	40.04190
22.727770	40.00370
22.863428	39.93820
22.952074	39.96540
23.017202	40.03840
23.099430	40.07750
23.201233	40.07830
23.341923	40.00410
23.453655	39.98620
23.537443	40.02170
23.663476	39.97680
23.767117	39.97460
23.881510	39.95220
24.031000	39.86480
24.132964	39.86630
24.281698	39.78190
24.349745	39.84560
24.445710	39.85810
24.587623	39.78720
24.724751	39.72590
24.794274	39.78590
24.904172	39.77350
24.971031	39.83760
25.117722	39.76010
25.244438	39.71860
25.302162	39.79790
25.451116	39.71790
25.590423	39.65550
25.666914	39.70150
25.762056	39.71520
25.880157	39.68970
25.990366	39.67790
26.107220	39.65490
26.216333	39.64510
26.275283	39.71930
26.410274	39.66620
26.553652	39.59990
26.701515	39.52710
26.797966	39.53880
26.938261	39.47920
26.994948	39.55530
27.096331	39.55880
27.167870	39.61020
27.243823	39.65430
27.387108	39.59040
27.519832	39.54400
27.584401	39.60560
27.636831	39.68610
27.699662	39.74990
27.775534	39.79270
27.905054	39.75100
28.008482	39.75040
28.089116	39.78520
28.178862	39.80580
28.310833	39.76080
28.375999	39.81910
28.519892	39.75620
28.621739	39.75800
28.770826	39.68810
28.823404	39.76460
28.957617	39.71760
29.077168	39.69300
29.133596	39.76290
29.204537	39.81070
29.321794	39.78930
29.399203	39.82720
29.483655	39.85440
29.541245	39.92110
29.653741	39.90660
29.796100	39.84840
29.939667	39.78900
30.052147	39.77520
30.124074	39.82000
30.194472	39.86680
30.314055	39.84260
30.389198	39.88220
30.456132	39.93330
30.521824	39.98600
30.603215	40.01600
30.742252	39.96390
30.811412	40.01110
30.874630	40.06640
31.024122	39.99990
31.110550	40.02230
31.231813	39.99590
31.291274	40.05560
31.437730	39.99430
31.535889	40.00020
31.605670	40.04510
31.706236	40.04750
31.786316	40.07790
31.927422	40.02480
32.043473	40.00620
32.128431	40.02980
32.264102	39.98480
32.348350	40.00920
32.443655	40.01870
32.539480	40.02740
32.669741	39.99030
32.801763	39.95120
32.883099	39.97910
33.029481	39.92140
33.095943	39.96870
33.237343	39.91800
33.323274	39.93960
33.432207	39.93140
33.564304	39.89340
33.678397	39.87870
33.764655	39.89970
33.895234	39.86420
34.025190	39.82970
34.136896	39.81850
34.274813	39.77450
34.405083	39.74050
34.495216	39.75660
34.589062	39.76800
34.739429	39.70940
34.849667	39.70070
34.957539	39.69490
35.017714	39.74750
35.140445	39.72350
35.231501	39.73820
35.305598	39.77340
35.390107	39.79570
35.467129	39.82710
35.602582	39.78780
35.732411	39.75550
35.827625	39.76490
35.879532	39.82580
35.982508	39.82570
36.100379	39.80780
36.189937	39.82360
36.255732	39.86740
36.380874	39.84100
36.446763	39.88440
36.590888	39.83590
36.719104	39.80630
36.773239	39.86300
36.886818	39.85040
36.937462	39.91090
37.047607	39.90220
37.185405	39.86170
37.305182	39.84210
37.386369	39.86690
37.530995	39.81910
37.629057	39.82460
37.720782	39.83720
37.841634	39.81680
37.909927	39.85580
38.002855	39.86680
38.150309	39.81670
38.242668	39.82850
38.383375	39.78640
38.530152	39.73790
38.626349	39.74550
38.720425	39.75530
38.859370	39.71600
39.008686	39.66570
39.077555	39.70310
39.176923	39.70720
39.237986	39.75270
39.371275	39.72010
39.490757	39.70250
39.620879	39.67360
39.751472	39.64440
39.841065	39.65900
39.945073	39.65830
40.006196	39.70290
40.144178	39.66610
40.237392	39.67670
40.308804	39.71010
40.391004	39.73210
40.447330	39.78120
40.587602	39.74210
40.726831	39.70450
40.793150	39.74270
40.864015	39.77620
40.982029	39.76060
41.108485	39.73640
41.204048	39.74410
41.349181	39.70100
41.481951	39.67080
41.601042	39.65470
41.695707	39.66350
41.758548	39.70440
41.854402	39.71180
41.979734	39.68940
42.081945	39.69040
42.213421	39.66210
42.324576	39.65430
42.405791	39.67620
42.527253	39.65810
42.584900	39.70330
42.676511	39.71480
42.797736	39.69690
42.916065	39.68200
43.043453	39.65830
43.179326	39.62650
43.322951	39.58740
43.399509	39.61350
43.485708	39.63010
43.550791	39.66710
43.620872	39.69920
43.681458	39.74030
43.825950	39.70040
43.964388	39.66660
44.056955	39.67680
44.128800	39.70680
44.276334	39.66450
44.345919	39.69650
44.419141	39.72490
44.505739	39.74050
44.576468	39.77110
44.659862	39.78960
44.785449	39.76830
44.851865	39.80270
45.000125	39.76020
45.076566	39.78500
45.201315	39.76470
45.311247	39.75820
45.394589	39.77650
45.494486	39.77940
45.627709	39.75140
45.694564	39.78480
45.779848	39.80100
45.901573	39.78370
45.971271	39.81420
46.021801	39.86220
46.160572	39.82930
46.217936	39.87070
46.332772	39.85970
46.477429	39.82170
46.533585	39.86400
46.627174	39.87230
46.713543	39.88700
46.793980	39.90710
46.939029	39.86900
47.026205	39.88290
47.105705	39.90370
47.156044	39.95050
47.273573	39.93710
47.374205	39.93880
47.456638	39.95670
47.529500	39.98300
47.638732	39.97700
47.709123	40.00540
47.823844	39.99450
47.945459	39.97760
48.057308	39.96930
48.197705	39.93610
48.287875	39.94700
48.433383	39.90950
48.564057	39.88520
48.653782	39.89640
48.786909	39.87020
48.909137	39.85340
48.970578	39.88890
49.108118	39.85900
49.168658	39.89510
49.294878	39.87500
49.356839	39.90970
49.431248	39.93380
49.521011	39.94470
49.575815	39.98520
49.695441	39.97060
49.799377	39.96940
49.863432	40.00190
49.943534	40.02070
50.014332	40.04730
50.146913	40.02180
50.211626	40.05340
50.334006	40.03650
50.478333	40.00140
50.589629	39.99400
50.641706	40.03590
50.772157	40.01250
50.850346	40.03250
50.962740	40.02420
51.102897	39.99300
51.199438	39.99790
51.329600	39.97510
51.475376	39.93970
51.617082	39.90780
51.700938	39.92310
51.810923	39.91710
51.960830	39.87890
52.029531	39.90630
52.138009	39.90160
52.255983	39.88930
52.305973	39.93150
52.415483	39.92600
52.564339	39.88910
52.638344	39.91190
52.688584	39.95360
52.813749	39.93560
52.953855	39.90590
53.031759	39.92540
53.170189	39.89710
53.270896	39.89870
53.408598	39.87120
53.529531	39.85690
53.653902	39.84010
53.800065	39.80640
53.924927	39.78940
53.988958	39.81950
54.119476	39.79810
54.187829	39.82480
54.321933	39.80070
54.426999	39.79910
54.555677	39.77940
54.705071	39.74390
54.839229	39.72030
54.983481	39.68910
55.075057	39.69790
55.162973	39.70940
55.231792	39.73530
55.283719	39.77390
55.348598	39.80260
55.482228	39.77950
55.605003	39.76460
55.661072	39.79980
55.784270	39.78460
55.918845	39.76100
56.061823	39.73130
56.152754	39.74030
56.273263	39.72740
56.423240	39.69290
56.450580	39.74870
56.487400	39.79750
56.557531	39.82170
56.568431	39.88950
56.680851	39.88230
56.686933	39.95350
56.736237	39.99280
56.786699	40.03110
56.810102	40.08930
56.898379	40.09960
56.911127	40.16550
57.013293	40.16540
57.044844	40.21730
57.090271	40.25890
57.177276	40.26980
57.208464	40.32170
57.285207	40.34000
57.310369	40.39630
57.376966	40.42190
57.401239	40.47870
57.442274	40.52310
57.511034	40.54690
57.516976	40.61710
57.628385	40.60930
57.647675	40.66940
57.746544	40.67080
57.759175	40.73570
57.831337	40.75660
57.886879	40.78970
57.949104	40.81780
57.955046	40.88740
58.033981	40.90300
58.047829	40.96670
58.103755	40.99910
58.136619	41.04860
58.224728	41.05720
58.285427	41.08600
58.317716	41.13570
58.423569	41.13100
58.429371	41.20010
58.492631	41.22670
58.547194	41.25970
58.608798	41.28740
58.622155	41.35060
58.746866	41.33170
58.753148	41.40000
58.817570	41.42540
58.844423	41.47840
58.909541	41.50320
58.965396	41.53470
58.977944	41.59810
59.057677	41.61180
59.098043	41.65460
59.169222	41.67460
59.218870	41.71030
59.272041	41.74340
59.284210	41.80670
59.329728	41.84530
59.397867	41.86720
59.427660	41.91730
59.467602	41.95990
59.511442	41.99950
59.599692	42.00630
59.605974	42.07350
59.680565	42.09030
59.686367	42.15770
59.755394	42.17840
59.761736	42.24530
59.867557	42.23880
59.888443	42.29490
59.961012	42.31270
59.987692	42.36440
60.038286	42.39840
60.084261	42.43570
60.109368	42.48830
60.160876	42.52150
60.219646	42.54920
60.233356	42.61010
60.291619	42.63800
60.343429	42.67070
60.404225	42.69660
60.410067	42.76310
60.483982	42.77930
60.507713	42.83240
60.624221	42.81700
60.649590	42.86880
60.719335	42.88780
60.744859	42.93940
60.803535	42.96650
60.809538	43.03240
60.857665	43.06710
60.933055	43.08170
60.956861	43.13420
61.013185	43.16270
61.031608	43.21920
61.076324	43.25620
61.152826	43.26960
61.159049	43.33490
61.227936	43.35380
61.290250	43.37760
61.341169	43.40970
61.415811	43.42420
61.472656	43.45180
61.478557	43.51700
61.562964	43.52420
61.595648	43.56940
61.650814	43.59810
61.710942	43.62300
61.787475	43.63580
61.797306	43.69770
61.879052	43.70650
61.906889	43.75500
61.971536	43.77640
61.983784	43.83630
62.110099	43.81210
62.116041	43.87650
62.205853	43.87910
62.244960	43.91900
62.273918	43.96620
62.314394	44.00500
62.378637	44.02620
62.391002	44.08560
62.462286	44.10150
62.515640	44.13060
62.577035	44.15370
62.645102	44.17180
62.651244	44.23550
62.748214	44.23230
62.770960	44.28360
62.891272	44.26310
62.897294	44.32660
62.969832	44.34120
62.976135	44.40440
63.026729	44.43490
63.082841	44.46140
63.159847	44.47250
63.230855	44.48800
63.258990	44.53480
63.284585	44.58350
63.369318	44.58870
63.421305	44.61800
63.447905	44.66570
63.497913	44.69630
63.556016	44.72090
63.569024	44.77850
63.649544	44.78650
63.688698	44.82480
63.742343	44.85250
63.796763	44.87950
63.822300	44.92760
63.864916	44.96320
63.893762	45.00880
63.975921	45.01530
63.990322	45.07140
64.070436	45.07930
64.104150	45.12120
64.138395	45.16260
64.199779	45.18410
64.253265	45.21130
64.266514	45.26800
64.354776	45.26960
64.400860	45.30210
64.418255	45.35560
64.486736	45.37160
64.558739	45.38490
64.618799	45.40700
64.628873	45.46560
64.691095	45.48600
64.703483	45.54290
64.786699	45.54780
64.803970	45.60090
64.911498	45.58800
64.935191	45.63630
64.973628	45.67390
65.066822	45.67130
65.080705	45.72670
65.162938	45.73200
65.210638	45.76260
65.241198	45.80560
65.318239	45.81470
65.330848	45.87070
65.422936	45.86870
65.429058	45.92930
65.506328	45.93800
65.537388	45.98040
65.573084	46.01940
65.625496	46.04610
65.659044	46.08650
65.730056	46.09950
65.792264	46.11900
65.804752	46.17460
65.904967	46.16620
65.911250	46.22630
65.984657	46.23740
66.041190	46.26070
66.047012	46.32100
66.093073	46.35190
66.167361	46.36210
66.173423	46.42210
66.231320	46.44420
66.252160	46.49330
66.334649	46.49740
66.355706	46.54630
66.471612	46.52600
66.477874	46.58550
66.558833	46.59050
66.595029	46.62820
66.628244	46.66790
66.697302	46.68150
66.713745	46.73340
66.762977	46.76140
66.843010	46.76690
66.849449	46.82590
66.916705	46.84060
66.979420	46.85860
67.030153	46.88530
67.087235	46.90730
67.128226	46.94090
67.227014	46.93250
67.252472	46.97740
67.337652	46.97880
67.386288	47.00680
67.417878	47.04700
67.488922	47.05860
67.520666	47.09870
67.556938	47.13540
67.665802	47.11950
67.685589	47.16810
67.791867	47.15410
67.804315	47.20780
67.891249	47.20770
67.934769	47.23890
67.947597	47.29230
68.026754	47.29770
68.078625	47.32280
68.115484	47.35860
68.185465	47.37050
68.209784	47.41540
68.267435	47.43610
68.311315	47.46680
68.328776	47.51640
68.451318	47.49020
68.477510	47.53350
68.531949	47.55640
68.583569	47.58120
68.662352	47.58650
68.675041	47.63930
68.779440	47.62600
68.791225	47.67940
68.876038	47.68020
68.903933	47.72190
68.949780	47.75060
68.979046	47.79120
69.026122	47.81900
69.053511	47.86090
69.096635	47.89150
69.152956	47.91250
69.195588	47.94330
69.221012	47.98640
69.282950	48.00330
69.295638	48.05550
69.351448	48.07670
69.398481	48.10410
69.458327	48.12230
69.470976	48.17450
69.537408	48.18780
69.611602	48.19560
69.673811	48.21190
69.724469	48.23660
69.741195	48.28550
69.816507	48.29240
69.873446	48.31240
69.922556	48.33790
69.984881	48.35400
69.993598	48.40850
70.043804	48.43320
70.049966	48.48940
70.154023	48.47540
70.171227	48.52360
70.245309	48.53100
70.291861	48.55820
70.333778	48.58860
70.402287	48.59990
70.475962	48.60750
70.508978	48.64410
70.541265	48.68130
70.566767	48.72320
70.636324	48.73360
70.715077	48.73740
70.770613	48.75780
70.845404	48.76440
70.892889	48.79040
70.964549	48.79920
70.983288	48.84570
71.041179	48.86420
71.111394	48.87390
71.117196	48.92950
71.210115	48.92290
71.261210	48.94620
71.274278	48.99650
71.345936	49.00500
71.378490	49.04130
71.401070	49.08470
71.512669	49.06470
71.518651	49.11980
71.570240	49.14250
71.587891	49.18920
71.671492	49.18900
71.712926	49.21870
71.739502	49.25900
71.852994	49.23750
71.865897	49.28740
71.939340	49.29430
71.981908	49.32300
72.037678	49.34240
72.076528	49.37380
72.140030	49.38760
72.171798	49.42390
72.226169	49.44410
72.270782	49.47120
72.352433	49.47200
72.415167	49.48620
72.420970	49.54070
72.488490	49.55150
72.506183	49.59750
72.561732	49.61660
72.636124	49.62240
72.669326	49.65730
72.719570	49.68020
72.769017	49.70350
72.785551	49.75010
72.845813	49.76580
72.915994	49.77430
72.922986	49.82760
73.012014	49.82280
73.061408	49.84600
73.139752	49.84870
73.145534	49.90260
73.206637	49.91740
73.253697	49.94210
73.303570	49.96480
73.315679	50.01420
73.406028	50.00820
73.412218	50.06160
73.465792	50.08160
73.524258	50.09800
73.551597	50.13640
73.644488	50.12850
73.666881	50.17040
73.772169	50.15370
73.778051	50.20710
73.880112	50.19260
73.894985	50.23960
73.985497	50.23330
74.015177	50.26970
74.131576	50.24520
74.161543	50.28140
74.241055	50.28280
74.247037	50.33570
74.301326	50.35470
74.381271	50.35570
74.407946	50.39400
74.487766	50.39500
74.530145	50.42220
74.556297	50.46080
74.614533	50.47690
74.620316	50.52970
74.686824	50.53990
74.753957	50.54960
74.762267	50.60050
74.838583	50.60380
74.899539	50.61770
74.973636	50.62250
74.979797	50.67480
75.071094	50.66740
75.109776	50.69690
75.195169	50.69370
75.207797	50.74120
75.255425	50.76430
75.267654	50.81210
75.333031	50.82280
75.393567	50.83680
75.421609	50.87340
75.479057	50.88950
75.538497	50.90420
75.570812	50.93780
75.612261	50.96490
75.700878	50.95920
75.753756	50.97830
75.803442	50.99970
75.878110	51.00360
75.891265	51.05030
75.980094	51.04430
75.994536	51.09010
76.070492	51.09300
76.112218	51.11970
76.136068	51.15880
76.190859	51.17630
76.269061	51.17760
76.334656	51.18760
76.380941	51.21100
76.465363	51.20800
76.476990	51.25530
76.528977	51.27470
76.608439	51.27490
76.620708	51.32180
76.715154	51.31160
76.741667	51.34850
76.810775	51.35590
76.824517	51.40150
76.894735	51.40810
76.926543	51.44120
77.017498	51.43330
77.023359	51.48430
77.117691	51.47410
77.124386	51.52440
77.201090	51.52630
77.249172	51.54800
77.290442	51.57430
77.352841	51.58610
77.389172	51.61580
77.409616	51.65640
77.472988	51.66740
77.535902	51.67860
77.595247	51.69240
77.646090	51.71190
77.659238	51.75740
77.712264	51.77540
77.800286	51.76920
77.808900	51.81770
77.860792	51.83640
77.882889	51.87560
77.999851	51.84950
78.025196	51.88630
78.056109	51.91930
78.132110	51.92130
78.191800	51.93450
78.220278	51.96910
78.258895	51.99670
78.285954	52.03220
78.367152	52.03050
78.376536	52.07810
78.489811	52.05430
78.495853	52.10410
78.598457	52.08770
78.639059	52.11370
78.690136	52.13260
78.728963	52.15980
78.800880	52.16430
78.826248	52.20060
78.893979	52.20800
78.927884	52.23840
79.011928	52.23460
79.043842	52.26630
79.076920	52.29730
79.115275	52.32460
79.213894	52.31070
79.226738	52.35540
79.267903	52.38070
79.328564	52.39260
79.370841	52.41710
79.384636	52.46100
79.435463	52.47960
79.448277	52.52410
79.554758	52.50470
79.595565	52.53000
79.676031	52.52840
79.720311	52.55130
79.752609	52.58240
79.794580	52.60680
79.860163	52.61520
79.919261	52.62790
79.966922	52.64840
80.042113	52.65020
80.079312	52.67780
80.095703	52.71950
80.174192	52.71890
80.212458	52.74570
80.247331	52.77470
80.321980	52.77680
80.328346	52.82510
80.391086	52.83510
80.432009	52.86000
80.509444	52.86000
80.553935	52.88240
80.626210	52.88590
80.650811	52.92170
80.736840	52.91580
80.743674	52.96360
80.788452	52.98560
80.801800	53.02890
80.870986	53.03440
80.883504	53.07820
80.921973	53.10440
81.002261	53.10230
81.023526	53.14010
81.112321	53.13220
81.140747	53.16510
81.182668	53.18880
81.226466	53.21130
81.284791	53.22390
81.290632	53.27200
81.336817	53.29270
81.393842	53.30610
81.429220	53.33420
81.509351	53.33190
81.532217	53.36830
81.604772	53.37120
81.660289	53.38550
81.672195	53.42920
81.791356	53.40060
81.797542	53.44810
81.849555	53.46470
81.902929	53.48030
81.922643	53.51870
81.959740	53.54520
82.000722	53.56920
82.037451	53.59600
82.060353	53.63200
82.164683	53.61320
82.170930	53.66050
82.265699	53.64800
82.298801	53.67710
82.392321	53.66560
82.398990	53.71240
82.541733	53.66770
82.548020	53.71470
82.610801	53.72380
82.664557	53.73880
82.731594	53.74500
82.798877	53.75100
82.805023	53.79790
82.901046	53.78460
82.907232	53.83140
82.988411	53.82800
83.039096	53.84500
83.133776	53.83260
83.147209	53.87440
83.277143	53.83840
83.283025	53.88530
83.377856	53.87270
83.422426	53.89370
83.478912	53.90670
83.530085	53.92320
83.599414	53.92760
83.625712	53.96060
83.725484	53.94480
83.735839	53.98830
83.813389	53.98720
83.833137	54.02450
83.864730	54.05390
83.966349	54.03670
83.978737	54.07880
84.072017	54.06720
84.078523	54.11310
84.159801	54.10940
84.177941	54.14760
84.214412	54.17350
84.288634	54.17450
84.296737	54.21920
84.343222	54.23850
84.423158	54.23550
84.435606	54.27730
84.547364	54.25330
84.562345	54.29330
84.653582	54.28290
84.672437	54.32030
84.729109	54.33270
84.782192	54.34740
84.821040	54.37150
84.833865	54.41290
84.925566	54.40200
84.958806	54.42980
85.020163	54.43890
85.032191	54.48070
85.106501	54.48120
85.119350	54.52240
85.186412	54.52770
85.250344	54.53510
85.256366	54.58060
85.367631	54.55680
85.380220	54.59790
85.418905	54.62190
85.495322	54.62090
85.568336	54.62220
85.632098	54.62960
85.699356	54.63470
85.754915	54.64740
85.799680	54.66720
85.840401	54.68970
85.908495	54.69420
85.958091	54.71070
85.966351	54.75440
86.018358	54.76940
86.072081	54.78320
86.098413	54.81500
86.158959	54.82430
86.221028	54.83250
86.301613	54.82870
86.318650	54.86640
86.368404	54.88270
86.459787	54.87180
86.466234	54.91640
86.518983	54.93070
86.541784	54.96450
86.653917	54.93990
86.690200	54.96490
86.792836	54.94660
86.799042	54.99120
86.922536	54.95920
86.935265	54.99950
86.991100	55.01160
86.997506	55.05590
87.078350	55.05170
87.084836	55.09600
87.130783	55.11450
87.156772	55.14600
87.200528	55.16580
87.253736	55.17950
87.269768	55.21750
87.336619	55.22220
87.356649	55.25750
87.421556	55.26350
87.440872	55.29920
87.519817	55.29600
87.533348	55.33540
87.603654	55.33780
87.633566	55.36650
87.693662	55.37550
87.699808	55.41960
87.788341	55.41010
87.834037	55.42850
87.865390	55.45610
87.886744	55.49020
87.985888	55.47380
88.004656	55.50950
88.075429	55.51150
88.081271	55.55560
88.140104	55.56530
88.156189	55.60270
88.268566	55.57760
88.282023	55.61660
88.403999	55.58530
88.411493	55.62820
88.542332	55.59110
88.554860	55.63070
88.638684	55.62410
88.670560	55.65110
88.703945	55.67700
88.796641	55.66470
88.834546	55.68770
88.849272	55.72570
88.925329	55.72400
88.971105	55.74190
89.066362	55.72790
89.083127	55.76440
89.124581	55.78500
89.195612	55.78660
89.251136	55.79810
89.323749	55.79860
89.331530	55.84080
89.392574	55.84870
89.467708	55.84760
89.528306	55.85570
89.573509	55.87380
89.676844	55.85450
89.700316	55.88650
89.805859	55.86580
89.824618	55.90080
89.858674	55.92590
89.910379	55.93970
89.939230	55.96810
90.012484	55.96800
90.040457	55.99700
90.062920	56.02940
90.129374	56.03360
90.175658	56.05080
90.270724	56.03670
90.290598	56.07070
90.382933	56.05840
90.430477	56.07470
90.510638	56.07020
90.573186	56.07690
90.600769	56.10580
90.646932	56.12290
90.700047	56.13560
90.760332	56.14360
90.766978	56.18580
90.844026	56.18320
90.864233	56.21670
90.965615	56.19860
90.985087	56.23250
91.044976	56.24080
91.057305	56.27920
91.098993	56.29900
91.200425	56.28080
91.225950	56.31070
91.269964	56.32900
91.327472	56.33860
91.384526	56.34860
91.413354	56.37640
91.505762	56.36390
91.542349	56.38670
91.655376	56.36120
91.692326	56.38370
91.751972	56.39200
91.763733	56.43040
91.835315	56.43110
91.885875	56.44500
91.941578	56.45560
91.979627	56.47740
92.062522	56.47090
92.121728	56.47930
92.128254	56.52090
92.199655	56.52160
92.212020	56.55950
92.269144	56.56910
92.333258	56.57430
92.353438	56.60720
92.418327	56.61190
92.428392	56.65120
92.481056	56.66350
92.489230	56.70390
92.600543	56.67930
92.620434	56.71230
92.708932	56.70200
92.750850	56.72110
92.826194	56.71910
92.881220	56.72990
92.907805	56.75860
92.943007	56.78180
93.018969	56.77940
93.064750	56.79590
93.097519	56.82060
93.161615	56.82560
93.220608	56.83380
93.299750	56.82940
93.312818	56.86630
93.403177	56.85490
93.423583	56.88720
93.505725	56.88080
93.551284	56.89740
93.629184	56.89370
93.678241	56.90800
93.734187	56.91800
93.755703	56.94950
93.784449	56.97640
93.880294	56.96150
93.902230	56.99270
93.985687	56.98540
93.999389	57.02170
94.135006	56.98200
94.141692	57.02250
94.222746	57.01680
94.247730	57.04590
94.321913	57.04440
94.350932	57.07100
94.418071	57.07390
94.424297	57.11460
94.505576	57.10870
94.550448	57.12540
94.580813	57.15100
94.615824	57.17380
94.710039	57.15980
94.721029	57.19740
94.788487	57.20000
94.794673	57.24050
94.875645	57.23470
94.937836	57.24050
94.954628	57.27440
95.003035	57.28880
95.033371	57.31430
95.098793	57.31800
95.141795	57.33560
95.239905	57.31910
95.246091	57.35950
95.325455	57.35460
95.384987	57.36190
95.473937	57.35110
95.480483	57.39110
95.519764	57.41090
95.596530	57.40760
95.631843	57.42980
95.698617	57.43260
95.746115	57.44730
95.832548	57.43800
95.845105	57.47420
95.918267	57.47300
95.974205	57.48240
96.042462	57.48430
96.087878	57.50010
96.170442	57.49320
96.187266	57.52660
96.281573	57.51240
96.287635	57.55240
96.373485	57.54340
96.422333	57.55710
96.495600	57.55580
96.552126	57.56480
96.643060	57.55270
96.648982	57.59260
96.743638	57.57820
96.774067	57.60310
96.875386	57.58460
96.902043	57.61170
96.983883	57.60520
97.022448	57.62500
97.074031	57.63690
97.092697	57.66890
97.127047	57.69120
97.158622	57.71530
97.217600	57.72260
97.224066	57.76190
97.309282	57.75320
97.328803	57.78450
97.384489	57.79380
97.406990	57.82320
97.440203	57.84620
97.492390	57.85750
97.569909	57.85340
97.639458	57.85420
97.653083	57.88900
97.786869	57.85070
97.794451	57.88910
97.849951	57.89830
97.897523	57.91240
97.999274	57.89360
98.041305	57.91100
98.069267	57.93690
98.101106	57.96050
98.121058	57.99120
98.188826	57.99300
98.211851	58.02180
98.271154	58.02870
98.279795	58.06620
98.331770	58.07750
98.385936	58.08740
98.433680	58.10120
98.523704	58.08940
98.533745	58.12600
98.660131	58.09220
98.666073	58.13120
98.752781	58.12140
98.785205	58.14440
98.841255	58.15300
98.870686	58.17780
98.963839	58.16410
98.986636	58.19280
99.078712	58.17970
99.131573	58.19030
99.205636	58.18810
99.267451	58.19320
99.278856	58.22870
99.323711	58.24410
99.342001	58.27540
99.471358	58.23990
99.489375	58.27130
99.568274	58.26610
99.617253	58.27890
99.683438	58.28140
99.689844	58.31970
99.813909	58.28740
99.820275	58.32570
99.868158	58.33910
99.935176	58.34100
99.941642	58.37920
100.003014	58.38450
100.069015	58.38700
100.075240	58.42520
100.125647	58.43700
100.138152	58.47150
