2.561333, 0.000000
2.571600, 0.000000
2.696421, 0.000004
2.831017, 0.000008
2.945884, 0.000013
3.089684, 0.000017
3.189957, 0.000021
3.272721, 0.000025
3.383545, 0.000029
3.471851, 0.000033
3.595815, 0.000038
3.726614, 0.000042
3.790280, 0.000046
3.867677, 0.000051
3.960914, 0.000055
4.018060, 0.000059
4.093214, 0.000063
4.226441, 0.000067
4.278213, 0.000071
4.332245, 0.000076
4.391306, 0.000079
4.484992, 0.000084
4.592738, 0.000088
4.660855, 0.000092
4.712403, 0.000096
4.831094, 0.000100
4.884499, 0.000104
4.957307, 0.000108
5.024403, 0.000113
5.086619, 0.000117
5.137886, 0.000121
5.222918, 0.000126
5.296037, 0.000130
5.435891, 0.000134
5.489946, 0.000138
5.612508, 0.000143
5.751032, 0.000147
5.825066, 0.000151
5.883225, 0.000155
5.965905, 0.000160
6.045712, 0.000164
6.150557, 0.000168
6.281840, 0.000172
6.376856, 0.000176
6.505865, 0.000180
6.646806, 0.000184
6.741569, 0.000188
6.872559, 0.000193
6.948697, 0.000197
7.086572, 0.000201
7.183668, 0.000205
7.303212, 0.000209
7.433122, 0.000213
7.511591, 0.000217
7.636294, 0.000222
7.781740, 0.000226
7.863342, 0.000230
7.982598, 0.000234
8.117410, 0.000238
8.187223, 0.000242
8.276120, 0.000247
8.395087, 0.000251
8.452598, 0.000255
8.517699, 0.000259
8.644757, 0.000263
8.755667, 0.000268
8.863820, 0.000272
8.996166, 0.000276
9.115297, 0.000280
9.220738, 0.000284
9.342520, 0.000288
9.474742, 0.000292
9.545898, 0.000297
9.667753, 0.000301
9.791361, 0.000305
9.896070, 0.000309
10.032769, 0.000313
10.140813, 0.000318
10.209971, 0.000322
10.304466, 0.000326
10.360391, 0.000330
10.455934, 0.000334
10.547489, 0.000338
10.654722, 0.000342
10.743919, 0.000347
10.859865, 0.000351
11.000885, 0.000355
11.075654, 0.000359
11.207399, 0.000363
11.280461, 0.000367
11.409692, 0.000371
11.514266, 0.000376
11.622890, 0.000380
11.763973, 0.000384
11.909917, 0.000388
11.985704, 0.000392
12.089825, 0.000396
12.208853, 0.000400
12.327962, 0.000404
12.477091, 0.000408
12.571314, 0.000412
12.674136, 0.000417
12.798349, 0.000421
12.911116, 0.000425
13.051804, 0.000429
13.126050, 0.000433
13.205124, 0.000437
13.298992, 0.000442
13.411677, 0.000446
13.533970, 0.000450
13.632506, 0.000454
13.749428, 0.000458
13.821102, 0.000462
13.882065, 0.000466
13.998111, 0.000470
14.136807, 0.000475
14.270713, 0.000479
14.384281, 0.000483
14.499768, 0.000487
14.552652, 0.000491
14.668390, 0.000496
14.816682, 0.000500
14.915389, 0.000504
14.979752, 0.000508
15.061814, 0.000512
15.174775, 0.000516
15.258660, 0.000520
15.362692, 0.000524
15.433792, 0.000529
15.508317, 0.000533
15.564381, 0.000537
15.638307, 0.000541
15.747858, 0.000545
15.865148, 0.000549
15.928587, 0.000553
16.033201, 0.000557
16.094362, 0.000561
16.202408, 0.000566
16.267503, 0.000570
16.369663, 0.000574
16.497315, 0.000578
16.563186, 0.000582
16.693729, 0.000586
16.791816, 0.000591
16.883474, 0.000595
17.005981, 0.000599
17.120818, 0.000603
17.205200, 0.000607
17.340958, 0.000611
17.429439, 0.000616
17.529377, 0.000620
17.599282, 0.000624
17.721474, 0.000628
17.840175, 0.000632
17.981493, 0.000637
18.120541, 0.000641
18.256617, 0.000645
18.336561, 0.000649
18.484846, 0.000653
18.603629, 0.000657
18.714038, 0.000662
18.800906, 0.000666
18.873886, 0.000670
18.985299, 0.000674
19.061863, 0.000678
19.202525, 0.000682
19.300787, 0.000687
19.398468, 0.000691
19.472732, 0.000695
19.586582, 0.000699
19.641537, 0.000703
19.759894, 0.000708
19.864884, 0.000712
20.012708, 0.000716
20.146687, 0.000720
20.228457, 0.000724
20.318234, 0.000728
20.433665, 0.000733
20.580260, 0.000737
20.701624, 0.000741
20.783948, 0.000745
20.903907, 0.000749
20.965237, 0.000753
21.043226, 0.000757
21.131388, 0.000761
21.257904, 0.000765
21.373420, 0.000770
21.498435, 0.000774
21.614234, 0.000778
21.738200, 0.000782
21.851245, 0.000786
21.955499, 0.000791
22.042610, 0.000795
22.135032, 0.000799
22.283194, 0.000803
22.414527, 0.000807
22.505993, 0.000811
22.600425, 0.000816
22.722214, 0.000820
22.857651, 0.000824
22.946557, 0.000828
23.011037, 0.000832
23.093453, 0.000836
23.195716, 0.000840
23.335827, 0.000845
23.447978, 0.000849
23.531386, 0.000853
23.657799, 0.000857
23.761160, 0.000861
23.875453, 0.000866
24.025423, 0.000870
24.127107, 0.000874
24.275942, 0.000878
24.344088, 0.000882
24.439973, 0.000886
24.581966, 0.000890
24.718954, 0.000895
24.788377, 0.000899
24.898295, 0.000903
24.965314, 0.000907
25.111745, 0.000911
25.238761, 0.000915
25.296205, 0.000920
25.445599, 0.000924
25.584346, 0.000928
25.660877, 0.000932
25.756360, 0.000936
25.874120, 0.000941
25.984269, 0.000945
26.101243, 0.000949
26.210596, 0.000954
26.269706, 0.000958
26.404697, 0.000962
26.547915, 0.000966
26.695958, 0.000970
26.792009, 0.000974
26.932644, 0.000978
26.989011, 0.000982
27.090794, 0.000986
27.162313, 0.000990
27.237786, 0.000995
27.381131, 0.000999
27.513875, 0.001003
27.578384, 0.001007
27.631014, 0.001012
27.694165, 0.001016
27.769477, 0.001020
27.899497, 0.001024
28.002485, 0.001028
28.083031, 0.001032
28.172865, 0.001037
28.305156, 0.001041
28.369942, 0.001045
28.514075, 0.001049
28.616142, 0.001053
28.765129, 0.001058
28.817687, 0.001062
28.952080, 0.001066
29.071151, 0.001070
29.127859, 0.001074
29.198660, 0.001078
29.315857, 0.001082
29.393686, 0.001086
29.477618, 0.001091
29.535648, 0.001095
29.647764, 0.001099
29.790303, 0.001103
29.933630, 0.001108
30.046190, 0.001112
30.118057, 0.001116
30.188675, 0.001120
30.308458, 0.001124
30.383701, 0.001128
30.450495, 0.001132
30.516247, 0.001136
30.597698, 0.001140
30.736535, 0.001144
30.805835, 0.001148
30.868893, 0.001152
31.018365, 0.001157
31.104592, 0.001161
31.225995, 0.001165
31.285477, 0.001169
31.431753, 0.001174
31.529892, 0.001178
31.599833, 0.001182
31.700319, 0.001186
31.780399, 0.001190
31.921625, 0.001195
32.037916, 0.001199
32.122354, 0.001203
32.258565, 0.001207
32.342513, 0.001211
32.437818, 0.001215
32.533823, 0.001219
32.663664, 0.001224
32.795706, 0.001228
32.877422, 0.001232
33.023984, 0.001236
33.090098, 0.001240
33.231506, 0.001244
33.317257, 0.001249
33.426190, 0.001253
33.558607, 0.001257
33.672579, 0.001261
33.758858, 0.001266
33.889677, 0.001270
34.019552, 0.001274
34.131359, 0.001278
34.269056, 0.001282
34.399286, 0.001286
34.489119, 0.001290
34.583545, 0.001294
34.733372, 0.001299
34.844070, 0.001303
34.951942, 0.001307
35.012197, 0.001311
35.134928, 0.001314
35.225583, 0.001319
35.299881, 0.001323
35.384130, 0.001327
35.461251, 0.001331
35.596685, 0.001336
35.726754, 0.001340
35.822068, 0.001344
35.873475, 0.001348
35.976491, 0.001352
36.094662, 0.001356
36.184240, 0.001360
36.250195, 0.001364
36.374917, 0.001369
36.441146, 0.001373
36.585171, 0.001377
36.713147, 0.001381
36.767302, 0.001385
36.880841, 0.001390
36.931485, 0.001394
37.041889, 0.001398
37.179808, 0.001402
37.299225, 0.001406
37.380812, 0.001410
37.525177, 0.001414
37.623020, 0.001419
37.714985, 0.001423
37.836097, 0.001427
37.904050, 0.001431
37.997238, 0.001435
38.144464, 0.001439
38.236711, 0.001444
38.377417, 0.001448
38.524274, 0.001452
38.620312, 0.001456
38.714467, 0.001461
38.853633, 0.001465
39.003108, 0.001469
39.071797, 0.001473
39.171365, 0.001477
39.232428, 0.001481
39.365458, 0.001485
39.484879, 0.001489
39.615362, 0.001493
39.745694, 0.001497
39.835148, 0.001502
39.939156, 0.001506
40.000599, 0.001510
40.138461, 0.001514
40.231875, 0.001518
40.302787, 0.001522
40.385347, 0.001526
40.441433, 0.001531
40.582004, 0.001535
40.721273, 0.001539
40.787552, 0.001543
40.858198, 0.001547
40.976172, 0.001551
41.102448, 0.001555
41.198551, 0.001559
41.343363, 0.001563
41.475933, 0.001568
41.595065, 0.001572
41.690010, 0.001576
41.752571, 0.001580
41.848725, 0.001585
41.974157, 0.001589
42.076148, 0.001593
42.207424, 0.001597
42.318678, 0.001601
42.399714, 0.001606
42.521355, 0.001610
42.579343, 0.001614
42.670613, 0.001618
42.791679, 0.001622
42.910327, 0.001626
43.037635, 0.001631
43.173321, 0.001635
43.317253, 0.001639
43.393931, 0.001643
43.480030, 0.001647
43.544713, 0.001651
43.614815, 0.001656
43.675821, 0.001660
43.819873, 0.001664
43.958690, 0.001668
44.050897, 0.001673
44.123263, 0.001677
44.270676, 0.001681
44.339862, 0.001685
44.413243, 0.001689
44.499701, 0.001694
44.570391, 0.001698
44.654105, 0.001702
44.779551, 0.001706
44.845767, 0.001711
44.994148, 0.001715
45.070849, 0.001719
45.195738, 0.001723
45.305410, 0.001727
45.388592, 0.001732
45.488888, 0.001736
45.621632, 0.001740
45.688787, 0.001744
45.774350, 0.001748
45.895656, 0.001752
45.965354, 0.001757
46.016003, 0.001761
46.154514, 0.001765
46.212398, 0.001769
46.326874, 0.001773
46.471592, 0.001777
46.528088, 0.001781
46.621257, 0.001786
46.707565, 0.001790
46.788023, 0.001794
46.933051, 0.001798
47.020507, 0.001803
47.099948, 0.001807
47.150087, 0.001811
47.267475, 0.001815
47.368607, 0.001819
47.450960, 0.001823
47.523983, 0.001827
47.632914, 0.001832
47.703226, 0.001836
47.818147, 0.001840
47.939421, 0.001844
48.051571, 0.001848
48.191979, 0.001852
48.282357, 0.001856
48.427665, 0.001860
48.558499, 0.001864
48.648024, 0.001869
48.781111, 0.001873
48.903219, 0.001877
48.964700, 0.001881
49.102600, 0.001885
49.162920, 0.001889
49.288840, 0.001894
49.350901, 0.001898
49.425410, 0.001902
49.515494, 0.001906
49.569757, 0.001910
49.689343, 0.001915
49.793479, 0.001919
49.857574, 0.001923
49.938017, 0.001927
50.008615, 0.001931
50.140896, 0.001936
50.206128, 0.001940
50.327948, 0.001944
50.472495, 0.001948
50.583531, 0.001952
50.635828, 0.001957
50.766340, 0.001961
50.844329, 0.001965
50.956763, 0.001969
51.097360, 0.001973
51.193801, 0.001977
51.323962, 0.001981
51.469358, 0.001986
51.611025, 0.001990
51.695160, 0.001994
51.805345, 0.001998
51.954852, 0.002003
52.023653, 0.002007
52.132411, 0.002011
52.250305, 0.002015
52.300315, 0.002019
52.409705, 0.002023
52.558501, 0.002027
52.632387, 0.002032
52.683086, 0.002035
52.808091, 0.002040
52.948257, 0.002044
53.025861, 0.002048
53.164611, 0.002052
53.264890, 0.002056
53.402640, 0.002060
53.523453, 0.002065
53.647944, 0.002069
53.794367, 0.002073
53.919329, 0.002077
53.983241, 0.002081
54.113978, 0.002085
54.182191, 0.002089
54.315996, 0.002093
54.421441, 0.002097
54.549819, 0.002102
54.699133, 0.002106
54.833191, 0.002110
54.977623, 0.002114
55.068959, 0.002119
55.156995, 0.002123
55.225914, 0.002127
55.278061, 0.002131
55.342720, 0.002136
55.476270, 0.002140
55.599305, 0.002144
55.655094, 0.002148
55.778532, 0.002152
55.912807, 0.002157
56.056245, 0.002161
56.147056, 0.002165
56.267385, 0.002169
56.333119, 0.002253
56.336216, 0.002253
56.390630, 0.002253
56.403368, 0.002253
56.401124, 0.002253
56.407942, 0.002253
56.408482, 0.002253
56.408295, 0.002253
56.407419, 0.002253
56.414423, 0.002253
56.416847, 0.002253
56.415769, 0.002253
56.421273, 0.002253
56.431821, 0.002293
56.519480, 0.002320
56.545366, 0.002337
56.669252, 0.002345
56.677203, 0.002352
56.724378, 0.002361
56.781121, 0.002365
56.798543, 0.002373
56.892521, 0.002377
56.897846, 0.002387
57.007375, 0.002391
57.033425, 0.002399
57.084413, 0.002403
57.164997, 0.002412
57.202966, 0.002416
57.279589, 0.002420
57.298170, 0.002429
57.371288, 0.002433
57.389439, 0.002442
57.436256, 0.002446
57.499515, 0.002454
57.506672, 0.002461
57.616686, 0.002470
57.641997, 0.002474
57.740606, 0.002478
57.747476, 0.002487
57.819858, 0.002495
57.880941, 0.002499
57.937285, 0.002508
57.948525, 0.002512
58.022442, 0.002521
58.041891, 0.002525
58.097797, 0.002529
58.124960, 0.002537
58.218890, 0.002542
58.274168, 0.002550
58.311610, 0.002554
58.412010, 0.002562
58.423485, 0.002567
58.486793, 0.002571
58.534955, 0.002580
58.596819, 0.002588
58.616618, 0.002592
58.735007, 0.002601
58.742142, 0.002609
58.812032, 0.002612
58.832544, 0.002621
58.897902, 0.002629
58.959698, 0.002633
58.964871, 0.002643
59.051679, 0.002647
59.085984, 0.002656
59.163544, 0.002660
59.206551, 0.002669
59.266304, 0.002673
59.267258, 0.002685
59.324190, 0.002689
59.386268, 0.002697
59.421582, 0.002702
59.455663, 0.002710
59.505724, 0.002714
59.587892, 0.002727
59.591507, 0.002733
59.668665, 0.002746
59.669188, 0.002754
59.743835, 0.002762
59.755505, 0.002767
59.861459, 0.002771
59.876784, 0.002779
59.954914, 0.002784
59.975573, 0.002793
60.032628, 0.002797
60.072462, 0.002805
60.103410, 0.002809
60.155238, 0.002813
60.207487, 0.002822
60.227718, 0.002826
60.286081, 0.002830
60.331730, 0.002839
60.392146, 0.002847
60.402485, 0.002853
60.478484, 0.002857
60.496454, 0.002865
60.618163, 0.002869
60.637931, 0.002877
60.713717, 0.002881
60.733020, 0.002890
60.791836, 0.002898
60.802276, 0.002903
60.845745, 0.002912
60.920996, 0.002921
60.951223, 0.002925
61.001245, 0.002933
61.025630, 0.002938
61.064125, 0.002946
61.140447, 0.002955
61.150543, 0.002961
61.215897, 0.002970
61.284432, 0.002974
61.329310, 0.002983
61.410194, 0.002987
61.461075, 0.002999
61.466733, 0.003003
61.557406, 0.003007
61.583189, 0.003016
61.645236, 0.003020
61.699203, 0.003029
61.775656, 0.003037
61.791429, 0.003041
61.867332, 0.003050
61.900891, 0.003054
61.965758, 0.003058
61.967502, 0.003070
62.097939, 0.003083
62.104106, 0.003087
62.199855, 0.003092
62.233241, 0.003100
62.267940, 0.003104
62.302195, 0.003113
62.366457, 0.003122
62.385424, 0.003126
62.450306, 0.003134
62.509763, 0.003139
62.565076, 0.003147
62.633283, 0.003156
62.634397, 0.003168
62.742496, 0.003172
62.759101, 0.003180
62.879533, 0.003189
62.882710, 0.003199
62.957953, 0.003208
62.966756, 0.003214
63.015009, 0.003223
63.077203, 0.003227
63.147907, 0.003236
63.225278, 0.003240
63.247031, 0.003248
63.278928, 0.003252
63.357659, 0.003261
63.415279, 0.003265
63.436086, 0.003273
63.492276, 0.003277
63.550259, 0.003282
63.556945, 0.003290
63.637204, 0.003299
63.682901, 0.003303
63.736245, 0.003308
63.785184, 0.003316
63.816782, 0.003320
63.853217, 0.003328
63.888224, 0.003332
63.970303, 0.003336
63.978443, 0.003345
64.058897, 0.003353
64.098352, 0.003357
64.126475, 0.003366
64.187599, 0.003374
64.247567, 0.003379
64.254755, 0.003387
64.343057, 0.003395
64.395202, 0.003399
64.406475, 0.003408
64.480698, 0.003412
64.546939, 0.003421
64.607060, 0.003429
64.623035, 0.003433
64.685437, 0.003437
64.688873, 0.003448
64.774940, 0.003456
64.798312, 0.003460
64.899819, 0.003469
64.929354, 0.003473
64.961689, 0.003481
65.061304, 0.003485
65.069086, 0.003494
65.157100, 0.003498
65.198638, 0.003507
65.235701, 0.003511
65.312202, 0.003515
65.313258, 0.003527
65.410956, 0.003536
65.412300, 0.003548
65.500831, 0.003552
65.525149, 0.003561
65.567366, 0.003565
65.619578, 0.003569
65.646825, 0.003578
65.724079, 0.003582
65.786746, 0.003586
65.790005, 0.003597
65.892928, 0.003605
65.903215, 0.003611
65.978660, 0.003615
66.029150, 0.003624
66.035345, 0.003632
66.087496, 0.003636
66.155941, 0.003645
66.156487, 0.003657
66.225443, 0.003661
66.240240, 0.003670
66.328771, 0.003674
66.343626, 0.003682
66.459692, 0.003691
66.470124, 0.003697
66.546654, 0.003705
66.588991, 0.003710
66.615664, 0.003719
66.685442, 0.003727
66.707728, 0.003731
66.751277, 0.003740
66.831450, 0.003748
66.843512, 0.003752
66.910887, 0.003757
66.967561, 0.003765
67.024295, 0.003769
67.075735, 0.003778
67.122669, 0.003782
67.214854, 0.003790
67.246834, 0.003794
67.325573, 0.003803
67.380430, 0.003807
67.405918, 0.003816
67.482945, 0.003820
67.508746, 0.003829
67.550900, 0.003833
67.653602, 0.003842
67.679752, 0.003846
67.786249, 0.003850
67.787179, 0.003862
67.879569, 0.003871
67.928871, 0.003875
67.934861, 0.003884
68.014434, 0.003893
68.072908, 0.003897
68.103445, 0.003905
68.173506, 0.003914
68.203806, 0.003918
68.261617, 0.003923
68.299496, 0.003931
68.322939, 0.003935
68.439558, 0.003944
68.471824, 0.003948
68.520029, 0.003956
68.578052, 0.003960
68.656315, 0.003965
68.657768, 0.003977
68.767480, 0.003986
68.785728, 0.003989
68.863818, 0.003998
68.897956, 0.004003
68.938041, 0.004011
68.973348, 0.004015
69.014423, 0.004023
69.047894, 0.004027
69.084495, 0.004036
69.147178, 0.004040
69.183849, 0.004049
69.215395, 0.004053
69.276932, 0.004057
69.278759, 0.004069
69.345490, 0.004073
69.386302, 0.004082
69.452469, 0.004086
69.455079, 0.004098
69.531730, 0.004102
69.600042, 0.004110
69.667754, 0.004115
69.712350, 0.004123
69.735337, 0.004127
69.810410, 0.004132
69.861646, 0.004140
69.916878, 0.004144
69.972921, 0.004153
69.987680, 0.004157
70.032044, 0.004166
70.040148, 0.004173
70.148186, 0.004177
70.159367, 0.004185
70.233069, 0.004194
70.285863, 0.004198
70.322079, 0.004207
70.396569, 0.004211
70.464082, 0.004219
70.503320, 0.004223
70.528926, 0.004232
70.560710, 0.004237
70.623904, 0.004246
70.709079, 0.004250
70.758853, 0.004258
70.839586, 0.004262
70.880830, 0.004271
70.959032, 0.004275
70.970948, 0.004284
71.035602, 0.004288
71.099194, 0.004297
71.107512, 0.004304
71.198655, 0.004312
71.255333, 0.004316
71.262418, 0.004325
71.339939, 0.004329
71.366631, 0.004337
71.395272, 0.004342
71.500950, 0.004350
71.511289, 0.004355
71.558341, 0.004364
71.582014, 0.004368
71.659712, 0.004376
71.706989, 0.004381
71.727983, 0.004389
71.846977, 0.004393
71.854157, 0.004402
71.927541, 0.004410
71.976270, 0.004414
72.031580, 0.004419
72.064488, 0.004427
72.127871, 0.004436
72.166000, 0.004440
72.220532, 0.004444
72.259002, 0.004453
72.346555, 0.004457
72.403008, 0.004466
72.413331, 0.004471
72.482592, 0.004475
72.494204, 0.004484
72.549652, 0.004493
72.630067, 0.004497
72.657446, 0.004505
72.713733, 0.004510
72.757218, 0.004518
72.779533, 0.004522
72.840096, 0.004526
72.904334, 0.004535
72.917009, 0.004539
73.000315, 0.004548
73.055731, 0.004552
73.128472, 0.004560
73.128635, 0.004572
73.201080, 0.004576
73.241778, 0.004584
73.297813, 0.004588
73.302443, 0.004598
73.394188, 0.004606
73.406461, 0.004611
73.454312, 0.004619
73.518053, 0.004623
73.539977, 0.004632
73.638511, 0.004636
73.655501, 0.004644
73.760749, 0.004656
73.764051, 0.004662
73.868332, 0.004671
73.889467, 0.004675
73.973597, 0.004683
74.009540, 0.004687
74.119777, 0.004696
74.155925, 0.004700
74.229475, 0.004708
74.233796, 0.004718
74.295489, 0.004722
74.369771, 0.004730
74.402209, 0.004734
74.475446, 0.004743
74.524348, 0.004747
74.544577, 0.004756
74.602854, 0.004764
74.610795, 0.004771
74.680906, 0.004775
74.741798, 0.004784
74.756209, 0.004788
74.832846, 0.004792
74.887339, 0.004801
74.961856, 0.004814
74.964204, 0.004821
75.059434, 0.004829
75.104039, 0.004833
75.189531, 0.004837
75.190617, 0.004849
75.249528, 0.004854
75.252743, 0.004864
75.321312, 0.004873
75.387990, 0.004877
75.409870, 0.004885
75.473500, 0.004889
75.532879, 0.004893
75.558952, 0.004902
75.606164, 0.004906
75.689519, 0.004914
75.747858, 0.004918
75.791582, 0.004927
75.865751, 0.004936
75.885747, 0.004940
75.974577, 0.004944
75.982256, 0.004953
76.064895, 0.004957
76.100618, 0.004965
76.130470, 0.004969
76.179519, 0.004977
76.263344, 0.004981
76.322457, 0.004990
76.375203, 0.004994
76.453683, 0.005002
76.471092, 0.005007
76.516777, 0.005015
76.602622, 0.005020
76.607727, 0.005029
76.709557, 0.005033
76.729688, 0.005041
76.799095, 0.005050
76.818499, 0.005054
76.882615, 0.005063
76.921026, 0.005067
77.006078, 0.005079
77.006708, 0.005087
77.106031, 0.005095
77.118468, 0.005100
77.189310, 0.005108
77.243115, 0.005112
77.278663, 0.005121
77.346843, 0.005125
77.377553, 0.005133
77.403858, 0.005138
77.466911, 0.005142
77.524062, 0.005150
77.589670, 0.005154
77.634511, 0.005163
77.653580, 0.005167
77.700545, 0.005175
77.788906, 0.005183
77.803143, 0.005187
77.849053, 0.005196
77.877171, 0.005200
77.988291, 0.005208
78.019678, 0.005212
78.044669, 0.005220
78.126353, 0.005225
78.180320, 0.005233
78.214580, 0.005237
78.246615, 0.005246
78.280337, 0.005250
78.355772, 0.005258
78.370498, 0.005262
78.477691, 0.005271
78.481945, 0.005281
78.592792, 0.005285
78.627359, 0.005293
78.684319, 0.005298
78.716763, 0.005306
78.795282, 0.005310
78.813968, 0.005319
78.881739, 0.005328
78.922207, 0.005332
79.000149, 0.005340
79.038185, 0.005344
79.065241, 0.005353
79.109197, 0.005357
79.201974, 0.005366
79.221021, 0.005370
79.256443, 0.005378
79.322686, 0.005382
79.358741, 0.005391
79.378579, 0.005395
79.429706, 0.005399
79.436417, 0.005408
79.548901, 0.005412
79.583886, 0.005421
79.670193, 0.005425
79.708772, 0.005433
79.746511, 0.005437
79.782480, 0.005446
79.854085, 0.005450
79.907621, 0.005459
79.960985, 0.005463
80.029793, 0.005472
80.073354, 0.005476
80.083784, 0.005485
80.162052, 0.005493
80.206821, 0.005497
80.235732, 0.005506
80.310140, 0.005514
80.317603, 0.005522
80.385189, 0.005526
80.419649, 0.005535
80.503586, 0.005539
80.542176, 0.005548
80.620373, 0.005552
80.639391, 0.005560
80.724760, 0.005569
80.737597, 0.005573
80.776612, 0.005582
80.796202, 0.005586
80.859367, 0.005594
80.877726, 0.005598
80.910153, 0.005607
80.990482, 0.005615
81.017629, 0.005619
81.100661, 0.005628
81.135249, 0.005632
81.170849, 0.005640
81.220489, 0.005644
81.272491, 0.005657
81.274783, 0.005665
81.330919, 0.005669
81.387904, 0.005673
81.417420, 0.005681
81.497571, 0.005690
81.526219, 0.005694
81.592653, 0.005703
81.648710, 0.005711
81.666557, 0.005715
81.779197, 0.005724
81.781675, 0.005735
81.843817, 0.005739
81.891069, 0.005748
81.916806, 0.005752
81.948121, 0.005761
81.995165, 0.005765
82.025512, 0.005773
82.054716, 0.005777
82.153084, 0.005785
82.158448, 0.005794
82.260021, 0.005798
82.287321, 0.005807
82.380181, 0.005815
82.393093, 0.005820
82.530134, 0.005828
82.535824, 0.005837
82.604924, 0.005841
82.652497, 0.005850
82.726036, 0.005854
82.786997, 0.005862
82.791020, 0.005872
82.889246, 0.005881
82.898286, 0.005887
82.982574, 0.005891
83.027397, 0.005900
83.127859, 0.005904
83.134989, 0.005913
83.265424, 0.005925
83.269061, 0.005931
83.372259, 0.005935
83.410326, 0.005944
83.473254, 0.005948
83.518705, 0.005956
83.587674, 0.005964
83.619807, 0.005969
83.713565, 0.005977
83.730342, 0.005981
83.807452, 0.005985
83.821578, 0.005994
83.859093, 0.005998
83.960351, 0.006002
83.963129, 0.006013
84.060377, 0.006022
84.069826, 0.006028
84.147782, 0.006036
84.171944, 0.006041
84.202512, 0.006049
84.276314, 0.006058
84.290720, 0.006062
84.331282, 0.006071
84.417580, 0.006075
84.421673, 0.006085
84.535284, 0.006094
84.556468, 0.006098
84.641682, 0.006106
84.666580, 0.006111
84.717389, 0.006119
84.776195, 0.006123
84.808961, 0.006132
84.828068, 0.006136
84.913406, 0.006145
84.953249, 0.006149
85.014405, 0.006153
85.020176, 0.006162
85.100524, 0.006166
85.107023, 0.006175
85.180414, 0.006179
85.238564, 0.006192
85.244622, 0.006196
85.361534, 0.006200
85.367522, 0.006209
85.412988, 0.006214
85.483703, 0.006222
85.562418, 0.006226
85.620178, 0.006235
85.693258, 0.006239
85.742856, 0.006248
85.793643, 0.006252
85.828581, 0.006261
85.902957, 0.006265
85.946092, 0.006273
85.960573, 0.006277
86.012621, 0.006281
86.060101, 0.006290
86.092315, 0.006294
86.146519, 0.006303
86.214931, 0.006308
86.289714, 0.006316
86.312673, 0.006320
86.356785, 0.006329
86.448328, 0.006337
86.458225, 0.006343
86.512946, 0.006347
86.529845, 0.006356
86.647979, 0.006360
86.677880, 0.006369
86.781016, 0.006377
86.781828, 0.006390
86.916919, 0.006394
86.921730, 0.006403
86.979120, 0.006412
86.988000, 0.006419
87.066591, 0.006427
87.071254, 0.006437
87.124946, 0.006441
87.144693, 0.006450
87.194671, 0.006454
87.247838, 0.006458
87.258369, 0.006466
87.324499, 0.006475
87.350752, 0.006479
87.409676, 0.006488
87.434995, 0.006492
87.507637, 0.006501
87.527751, 0.006505
87.591674, 0.006513
87.627868, 0.006518
87.682062, 0.006526
87.691491, 0.006532
87.782604, 0.006536
87.822397, 0.006544
87.859393, 0.006549
87.874664, 0.006557
87.974528, 0.006565
87.999159, 0.006569
88.063849, 0.006582
88.066402, 0.006588
88.134146, 0.006593
88.144250, 0.006601
88.256586, 0.006610
88.276085, 0.006614
88.392200, 0.006622
88.405996, 0.006626
88.536274, 0.006631
88.541427, 0.006640
88.632699, 0.006645
88.658680, 0.006653
88.698108, 0.006657
88.785081, 0.006666
88.828869, 0.006670
88.837912, 0.006678
88.919812, 0.006682
88.958965, 0.006691
89.060405, 0.006695
89.071087, 0.006703
89.118984, 0.006707
89.183752, 0.006716
89.245398, 0.006720
89.312070, 0.006728
89.325513, 0.006733
89.386597, 0.006737
89.455869, 0.006746
89.522289, 0.006750
89.561889, 0.006758
89.671187, 0.006762
89.688777, 0.006771
89.800122, 0.006775
89.812378, 0.006783
89.852797, 0.006788
89.904462, 0.006792
89.927130, 0.006801
90.000765, 0.006809
90.034700, 0.006813
90.050801, 0.006822
90.117475, 0.006830
90.170021, 0.006834
90.258745, 0.006843
90.284601, 0.006847
90.371293, 0.006856
90.424700, 0.006860
90.498538, 0.006868
90.567609, 0.006872
90.588629, 0.006881
90.640835, 0.006886
90.688167, 0.006894
90.748132, 0.006903
90.760591, 0.006907
90.832246, 0.006916
90.858376, 0.006920
90.959758, 0.006924
90.973687, 0.006932
91.039319, 0.006937
91.042300, 0.006947
91.093196, 0.006951
91.188745, 0.006960
91.220193, 0.006964
91.258064, 0.006972
91.321835, 0.006977
91.378889, 0.006981
91.401634, 0.006989
91.499965, 0.006993
91.530450, 0.007002
91.649579, 0.007006
91.680206, 0.007015
91.739972, 0.007023
91.757916, 0.007027
91.822955, 0.007036
91.879918, 0.007040
91.930118, 0.007049
91.973570, 0.007053
92.050502, 0.007062
92.109888, 0.007070
92.122017, 0.007075
92.193998, 0.007079
92.196430, 0.007090
92.263547, 0.007094
92.321539, 0.007102
92.347561, 0.007106
92.406447, 0.007115
92.422295, 0.007119
92.469176, 0.007128
92.483473, 0.007132
92.594566, 0.007136
92.608875, 0.007145
92.703275, 0.007149
92.738570, 0.007157
92.820357, 0.007162
92.869700, 0.007170
92.901948, 0.007174
92.931247, 0.007183
93.012992, 0.007187
93.052710, 0.007195
93.091762, 0.007200
93.149595, 0.007208
93.214991, 0.007212
93.288090, 0.007221
93.307241, 0.007225
93.391297, 0.007233
93.417726, 0.007237
93.500108, 0.007241
93.539444, 0.007250
93.623187, 0.007254
93.666361, 0.007263
93.722667, 0.007271
93.749818, 0.007275
93.772689, 0.007284
93.868194, 0.007292
93.896473, 0.007296
93.973907, 0.007305
93.993532, 0.007309
94.122706, 0.007318
94.131474, 0.007325
94.217029, 0.007329
94.236010, 0.007338
94.309833, 0.007346
94.345275, 0.007350
94.406151, 0.007359
94.410114, 0.007369
94.499559, 0.007374
94.538529, 0.007382
94.575136, 0.007386
94.603764, 0.007395
94.698239, 0.007403
94.715112, 0.007408
94.776827, 0.007416
94.788533, 0.007420
94.869648, 0.007425
94.926056, 0.007433
94.949131, 0.007437
94.990995, 0.007446
95.027534, 0.007450
95.092996, 0.007454
95.130135, 0.007462
95.228385, 0.007471
95.229704, 0.007482
95.313236, 0.007491
95.379250, 0.007495
95.462278, 0.007504
95.462760, 0.007516
95.513807, 0.007521
95.585130, 0.007529
95.626307, 0.007533
95.686737, 0.007541
95.740398, 0.007545
95.820868, 0.007554
95.839008, 0.007558
95.912650, 0.007562
95.962025, 0.007571
96.036625, 0.007575
96.075858, 0.007584
96.164425, 0.007588
96.175486, 0.007596
96.270014, 0.007609
96.271033, 0.007617
96.361065, 0.007626
96.416496, 0.007630
96.483640, 0.007638
96.546209, 0.007643
96.631281, 0.007655
96.634980, 0.007661
96.738041, 0.007665
96.762027, 0.007674
96.869749, 0.007678
96.889923, 0.007686
96.971623, 0.007695
97.016531, 0.007699
97.068074, 0.007704
97.081137, 0.007712
97.121110, 0.007716
97.146682, 0.007725
97.205520, 0.007734
97.217907, 0.007738
97.297663, 0.007746
97.323126, 0.007750
97.378852, 0.007754
97.394670, 0.007763
97.434446, 0.007767
97.480131, 0.007776
97.564092, 0.007780
97.627959, 0.007789
97.647446, 0.007793
97.774929, 0.007801
97.788814, 0.007805
97.838031, 0.007814
97.891766, 0.007818
97.987434, 0.007826
98.035588, 0.007831
98.057388, 0.007839
98.095610, 0.007843
98.109498, 0.007851
98.182789, 0.007856
98.200171, 0.007864
98.259034, 0.007873
98.274238, 0.007877
98.320171, 0.007885
98.380240, 0.007889
98.422020, 0.007897
98.512005, 0.007906
98.527909, 0.007910
98.648252, 0.007923
98.651392, 0.007929
98.740541, 0.007938
98.779020, 0.007942
98.829536, 0.007951
98.864689, 0.007955
98.952419, 0.007963
98.980739, 0.007967
99.066872, 0.007976
99.125896, 0.007980
99.193876, 0.007988
99.255851, 0.007997
99.272979, 0.008001
99.312051, 0.008009
99.336424, 0.008013
99.459559, 0.008022
99.483478, 0.008026
99.562437, 0.008030
99.605094, 0.008039
99.671258, 0.008048
99.681686, 0.008054
99.801730, 0.008062
99.809580, 0.008070
99.856438, 0.008078
99.923156, 0.008087
99.931441, 0.008094
99.997357, 0.008098
100.057175, 0.008107
100.069184, 0.008111
100.119850, 0.008115
100.125095, 0.008125
