2.606873, 0.000004
2.726367, 0.000008
2.785502, 0.000012
2.922013, 0.000016
3.014135, 0.000020
3.154420, 0.000024
3.263031, 0.000028
3.348637, 0.000032
3.477014, 0.000036
3.567652, 0.000040
3.617669, 0.000045
3.737238, 0.000048
3.823763, 0.000052
3.905937, 0.000057
4.036520, 0.000061
4.162043, 0.000064
4.264118, 0.000069
4.315718, 0.000073
4.398839, 0.000077
4.470254, 0.000081
4.561002, 0.000085
4.700682, 0.000089
4.766533, 0.000093
4.834202, 0.000097
4.942052, 0.000101
5.075076, 0.000106
5.204480, 0.000110
5.277378, 0.000114
5.373375, 0.000118
5.513946, 0.000122
5.617969, 0.000126
5.765152, 0.000130
5.888131, 0.000134
6.013100, 0.000139
6.128826, 0.000143
6.216689, 0.000147
6.352145, 0.000151
6.421435, 0.000155
6.483377, 0.000159
6.554811, 0.000163
6.687032, 0.000167
6.820036, 0.000171
6.883021, 0.000175
7.015708, 0.000179
7.066061, 0.000183
7.137200, 0.000187
7.203114, 0.000191
7.323531, 0.000195
7.404325, 0.000200
7.480701, 0.000204
7.566025, 0.000208
7.714751, 0.000212
7.829002, 0.000216
7.914529, 0.000220
8.029281, 0.000224
8.142444, 0.000228
8.244084, 0.000232
8.331607, 0.000236
8.424396, 0.000240
8.544507, 0.000245
8.680097, 0.000249
8.756960, 0.000253
8.891225, 0.000257
8.991523, 0.000261
9.133084, 0.000265
9.234181, 0.000269
9.361393, 0.000273
9.445464, 0.000277
9.560681, 0.000281
9.614155, 0.000285
9.672314, 0.000289
9.770510, 0.000293
9.888889, 0.000297
9.969236, 0.000301
10.077331, 0.000306
10.164555, 0.000310
10.262127, 0.000314
10.356415, 0.000318
10.413955, 0.000322
10.504893, 0.000326
10.575253, 0.000331
10.704970, 0.000335
10.768182, 0.000339
10.904861, 0.000343
10.961202, 0.000347
11.039309, 0.000351
11.143648, 0.000355
11.243968, 0.000359
11.309440, 0.000363
11.386757, 0.000367
11.520508, 0.000372
11.625113, 0.000376
11.700680, 0.000380
11.755194, 0.000384
11.825728, 0.000388
11.947700, 0.000392
12.032989, 0.000396
12.182674, 0.000400
12.307398, 0.000404
12.392022, 0.000408
12.513788, 0.000412
12.592642, 0.000417
12.684681, 0.000421
12.788375, 0.000425
12.898800, 0.000429
12.988514, 0.000433
13.112199, 0.000437
13.220510, 0.000441
13.369354, 0.000445
13.474699, 0.000450
13.592996, 0.000454
13.651882, 0.000458
13.741998, 0.000462
13.810505, 0.000466
13.936377, 0.000470
14.064466, 0.000474
14.204989, 0.000478
14.318535, 0.000482
14.397224, 0.000486
14.512467, 0.000490
14.608205, 0.000494
14.749402, 0.000498
14.834813, 0.000502
14.972767, 0.000506
15.028107, 0.000510
15.121359, 0.000514
15.226537, 0.000518
15.282538, 0.000522
15.354408, 0.000526
15.485710, 0.000529
15.618312, 0.000533
15.747251, 0.000538
15.853666, 0.000542
15.994144, 0.000546
16.102371, 0.000550
16.190484, 0.000554
16.281840, 0.000558
16.380190, 0.000562
16.518379, 0.000566
16.650327, 0.000570
16.751756, 0.000574
16.802142, 0.000579
16.870827, 0.000583
17.007607, 0.000587
17.067083, 0.000591
17.214385, 0.000595
17.337724, 0.000599
17.466773, 0.000603
17.585523, 0.000607
17.684093, 0.000612
17.743018, 0.000616
17.797836, 0.000620
17.904314, 0.000624
18.009582, 0.000628
18.083794, 0.000632
18.201237, 0.000636
18.340597, 0.000640
18.473405, 0.000644
18.596710, 0.000648
18.739402, 0.000652
18.816818, 0.000657
18.941821, 0.000661
18.992965, 0.000665
19.114898, 0.000669
19.190832, 0.000673
19.293100, 0.000677
19.374062, 0.000681
19.431767, 0.000685
19.526811, 0.000689
19.600878, 0.000693
19.672606, 0.000697
19.758838, 0.000701
19.879839, 0.000705
19.993427, 0.000709
20.054400, 0.000713
20.146335, 0.000717
20.233463, 0.000721
20.377327, 0.000726
20.477936, 0.000730
20.550280, 0.000734
20.605104, 0.000738
20.750774, 0.000742
20.856722, 0.000746
20.930041, 0.000750
21.008809, 0.000754
21.125993, 0.000758
21.259094, 0.000762
21.399139, 0.000766
21.497847, 0.000770
21.605850, 0.000774
21.750891, 0.000778
21.837179, 0.000782
21.919530, 0.000787
22.005938, 0.000791
22.056883, 0.000795
22.132321, 0.000799
22.244907, 0.000803
22.379254, 0.000807
22.497234, 0.000811
22.647212, 0.000815
22.754908, 0.000819
22.810694, 0.000823
22.900269, 0.000827
22.951137, 0.000831
23.084585, 0.000835
23.209256, 0.000840
23.290743, 0.000844
23.351748, 0.000848
23.406800, 0.000852
23.553187, 0.000856
23.629761, 0.000860
23.727797, 0.000864
23.801962, 0.000868
23.856269, 0.000872
23.998448, 0.000876
24.126363, 0.000881
24.245158, 0.000885
24.358874, 0.000889
24.483234, 0.000893
24.536356, 0.000897
24.681547, 0.000901
24.732073, 0.000905
24.811268, 0.000909
24.945857, 0.000913
25.011544, 0.000917
25.065554, 0.000921
25.163151, 0.000925
25.286317, 0.000929
25.391873, 0.000933
25.455988, 0.000937
25.536005, 0.000941
25.662127, 0.000946
25.792796, 0.000950
25.844462, 0.000954
25.979213, 0.000958
26.059442, 0.000963
26.204349, 0.000967
26.340717, 0.000971
26.429426, 0.000975
26.500767, 0.000979
26.564576, 0.000983
26.623822, 0.000987
26.752142, 0.000992
26.823880, 0.000996
26.943746, 0.001000
27.081487, 0.001004
27.217638, 0.001008
27.282985, 0.001012
27.365860, 0.001016
27.476554, 0.001020
27.534741, 0.001024
27.599906, 0.001028
27.734086, 0.001032
27.817507, 0.001036
27.885280, 0.001040
28.003710, 0.001044
28.117162, 0.001049
28.215145, 0.001053
28.295431, 0.001057
28.412413, 0.001061
28.471255, 0.001065
28.585534, 0.001069
28.683627, 0.001073
28.806805, 0.001077
28.902626, 0.001081
29.002197, 0.001085
29.054443, 0.001089
29.156315, 0.001094
29.215638, 0.001097
29.278141, 0.001102
29.387941, 0.001106
29.459648, 0.001110
29.557169, 0.001114
29.687374, 0.001117
29.752901, 0.001122
29.803626, 0.001126
29.911950, 0.001130
30.052323, 0.001134
30.116429, 0.001138
30.171611, 0.001142
30.245305, 0.001146
30.382683, 0.001150
30.506029, 0.001154
30.578780, 0.001158
30.716025, 0.001162
30.833447, 0.001166
30.911079, 0.001170
30.961805, 0.001174
31.038352, 0.001178
31.139072, 0.001182
31.230105, 0.001186
31.351165, 0.001190
31.441143, 0.001195
31.561586, 0.001199
31.630933, 0.001203
31.691500, 0.001207
31.775233, 0.001211
31.887936, 0.001215
31.996018, 0.001219
32.136168, 0.001223
32.257470, 0.001228
32.362813, 0.001232
32.434403, 0.001236
32.544574, 0.001240
32.686434, 0.001244
32.784808, 0.001248
32.860748, 0.001252
32.976836, 0.001256
33.044246, 0.001260
33.155593, 0.001265
33.305326, 0.001269
33.430166, 0.001273
33.495463, 0.001277
33.589586, 0.001281
33.716160, 0.001285
33.817019, 0.001289
33.955178, 0.001293
34.029178, 0.001297
34.164813, 0.001301
34.266855, 0.001305
34.412528, 0.001309
34.552724, 0.001313
34.675215, 0.001318
34.746244, 0.001322
34.817863, 0.001326
34.896699, 0.001330
35.035747, 0.001334
35.088574, 0.001338
35.195312, 0.001342
35.252924, 0.001347
35.339572, 0.001350
35.477506, 0.001355
35.599492, 0.001359
35.670809, 0.001363
35.780042, 0.001367
35.833712, 0.001371
35.967724, 0.001375
36.109392, 0.001379
36.216752, 0.001383
36.363960, 0.001387
36.451637, 0.001392
36.575073, 0.001396
36.690381, 0.001399
36.817261, 0.001403
36.935576, 0.001407
37.035697, 0.001411
37.157649, 0.001416
37.290693, 0.001419
37.408673, 0.001424
37.459644, 0.001428
37.585190, 0.001431
37.689628, 0.001435
37.816306, 0.001439
37.883558, 0.001443
37.949321, 0.001447
38.084134, 0.001451
38.175727, 0.001456
38.287595, 0.001459
38.380272, 0.001464
38.514407, 0.001468
38.657937, 0.001471
38.750564, 0.001476
38.870142, 0.001480
38.965086, 0.001484
39.069187, 0.001488
39.165148, 0.001492
39.267207, 0.001496
39.318120, 0.001500
39.464433, 0.001504
39.584333, 0.001508
39.644544, 0.001513
39.698134, 0.001517
39.762406, 0.001521
39.827881, 0.001525
39.924421, 0.001529
40.023475, 0.001533
40.109877, 0.001537
40.242161, 0.001541
40.322586, 0.001545
40.467777, 0.001549
40.569992, 0.001553
40.621959, 0.001557
40.716988, 0.001561
40.823920, 0.001565
40.926760, 0.001569
41.061429, 0.001573
41.165765, 0.001577
41.216060, 0.001581
41.319327, 0.001585
41.383335, 0.001589
41.493519, 0.001593
41.626636, 0.001597
41.751203, 0.001602
41.885174, 0.001605
41.939341, 0.001609
42.033292, 0.001613
42.110435, 0.001618
42.221328, 0.001622
42.299977, 0.001626
42.419436, 0.001630
42.482600, 0.001634
42.575295, 0.001638
42.674178, 0.001642
42.810616, 0.001646
42.946070, 0.001650
43.013567, 0.001655
43.079575, 0.001659
43.167706, 0.001663
43.275475, 0.001667
43.397080, 0.001671
43.483122, 0.001675
43.549828, 0.001679
43.649893, 0.001683
43.782293, 0.001687
43.930834, 0.001691
43.993727, 0.001695
44.136643, 0.001699
44.228140, 0.001703
44.366914, 0.001707
44.506868, 0.001711
44.633601, 0.001715
44.698474, 0.001719
44.809700, 0.001723
44.930276, 0.001727
45.029469, 0.001731
45.173269, 0.001736
45.311472, 0.001740
45.413182, 0.001744
45.556241, 0.001748
45.650327, 0.001752
45.736609, 0.001756
45.807476, 0.001760
45.912694, 0.001764
46.047113, 0.001769
46.122714, 0.001773
46.271230, 0.001777
46.377853, 0.001781
46.463456, 0.001785
46.583722, 0.001789
46.725696, 0.001793
46.777163, 0.001797
46.867165, 0.001801
47.010414, 0.001805
47.115733, 0.001809
47.166459, 0.001813
47.304642, 0.001817
47.370546, 0.001821
47.470819, 0.001825
47.531492, 0.001829
47.637634, 0.001834
47.748871, 0.001838
47.889886, 0.001842
47.958425, 0.001846
48.008562, 0.001850
48.086355, 0.001854
48.185732, 0.001858
48.251612, 0.001863
48.372272, 0.001867
48.502253, 0.001871
48.618693, 0.001875
48.700053, 0.001879
48.776890, 0.001883
48.868749, 0.001887
48.932463, 0.001891
49.015227, 0.001895
49.133457, 0.001899
49.201832, 0.001903
49.337553, 0.001907
49.399098, 0.001911
49.501025, 0.001915
49.606374, 0.001919
49.744828, 0.001924
49.870585, 0.001928
49.923029, 0.001932
50.071505, 0.001936
50.195111, 0.001940
50.252696, 0.001944
50.363521, 0.001948
50.481930, 0.001952
50.604836, 0.001956
50.693790, 0.001960
50.785511, 0.001964
50.879488, 0.001968
50.962077, 0.001972
51.046926, 0.001977
51.115551, 0.001980
51.191326, 0.001985
51.338417, 0.001989
51.475794, 0.001992
51.592778, 0.001996
51.733737, 0.002000
51.784730, 0.002004
51.909818, 0.002009
52.034351, 0.002013
52.161399, 0.002017
52.229638, 0.002021
52.291547, 0.002025
52.408707, 0.002029
52.548682, 0.002033
52.673768, 0.002037
52.778988, 0.002041
52.856698, 0.002045
52.917325, 0.002049
52.977531, 0.002053
53.044002, 0.002057
53.185336, 0.002061
53.260558, 0.002065
53.348237, 0.002069
53.441398, 0.002074
53.551467, 0.002078
53.617649, 0.002082
53.674978, 0.002086
53.745927, 0.002090
53.839333, 0.002094
53.985163, 0.002098
54.067310, 0.002103
54.179481, 0.002107
54.273920, 0.002110
54.341799, 0.002114
54.486794, 0.002119
54.574954, 0.002123
54.714418, 0.002127
54.768115, 0.002131
54.835170, 0.002135
54.914874, 0.002138
54.983062, 0.002142
55.105998, 0.002146
55.187332, 0.002151
55.333168, 0.002155
55.463966, 0.002159
55.613837, 0.002163
55.757378, 0.002167
55.884819, 0.002171
56.014266, 0.002175
56.118422, 0.002179
56.171148, 0.002183
56.317313, 0.002187
56.333119, 0.002213
56.465201, 0.002217
56.476373, 0.002226
56.588700, 0.002234
56.604512, 0.002238
56.653853, 0.002246
56.692261, 0.002250
56.772739, 0.002254
56.788023, 0.002262
56.881551, 0.002271
56.892485, 0.002276
56.945090, 0.002284
56.975307, 0.002288
56.996162, 0.002296
57.073331, 0.002301
57.134081, 0.002309
57.193380, 0.002313
57.228558, 0.002321
57.249427, 0.002325
57.344424, 0.002334
57.355789, 0.002339
57.408543, 0.002343
57.440614, 0.002351
57.463487, 0.002355
57.497002, 0.002363
57.549593, 0.002371
57.575211, 0.002375
57.630788, 0.002383
57.719478, 0.002388
57.761220, 0.002396
57.835937, 0.002404
57.857395, 0.002409
57.983314, 0.002417
58.003121, 0.002421
58.065232, 0.002425
58.073244, 0.002433
58.156067, 0.002442
58.212518, 0.002446
58.289293, 0.002455
58.333545, 0.002459
58.433426, 0.002463
58.434018, 0.002475
58.488538, 0.002479
58.500653, 0.002488
58.572124, 0.002496
58.614395, 0.002500
58.643371, 0.002508
58.724742, 0.002517
58.742016, 0.002521
58.805536, 0.002529
58.829602, 0.002533
58.912203, 0.002537
58.918034, 0.002546
58.968635, 0.002554
59.003161, 0.002558
59.090221, 0.002566
59.150831, 0.002570
59.167390, 0.002579
59.268983, 0.002587
59.297973, 0.002591
59.365247, 0.002599
59.411827, 0.002603
59.437793, 0.002612
59.498718, 0.002620
59.558137, 0.002624
59.643661, 0.002633
59.679607, 0.002637
59.730344, 0.002645
59.750128, 0.002649
59.785612, 0.002658
59.841641, 0.002666
59.869884, 0.002670
59.954993, 0.002674
59.958298, 0.002685
60.069699, 0.002693
60.096707, 0.002697
60.198494, 0.002705
60.218918, 0.002709
60.283847, 0.002717
60.325273, 0.002721
60.347358, 0.002730
60.384665, 0.002734
60.471852, 0.002742
60.482119, 0.002747
60.545107, 0.002755
60.589864, 0.002759
60.669566, 0.002767
60.737419, 0.002771
60.760358, 0.002779
60.801578, 0.002783
60.867556, 0.002787
60.905098, 0.002796
60.947913, 0.002800
61.007136, 0.002808
61.094221, 0.002813
61.113026, 0.002821
61.183961, 0.002825
61.185466, 0.002837
61.237177, 0.002845
61.312163, 0.002853
61.325153, 0.002858
61.414107, 0.002866
61.454797, 0.002870
61.491358, 0.002878
61.541967, 0.002882
61.635922, 0.002890
61.648513, 0.002894
61.700315, 0.002898
61.759563, 0.002906
61.761815, 0.002917
61.868349, 0.002921
61.884064, 0.002930
61.927972, 0.002934
61.934082, 0.002943
61.990407, 0.002947
62.065079, 0.002955
62.115766, 0.002960
62.186278, 0.002968
62.246862, 0.002972
62.323870, 0.002976
62.332700, 0.002984
62.409454, 0.002992
62.452531, 0.002996
62.513539, 0.003000
62.519532, 0.003009
62.569449, 0.003013
62.651095, 0.003021
62.687431, 0.003025
62.728133, 0.003033
62.798433, 0.003037
62.821218, 0.003046
62.894774, 0.003050
62.967582, 0.003054
62.968555, 0.003066
63.024193, 0.003074
63.104849, 0.003078
63.112054, 0.003086
63.169676, 0.003090
63.183243, 0.003098
63.245602, 0.003102
63.264555, 0.003111
63.330893, 0.003115
63.392501, 0.003123
63.408660, 0.003127
63.539430, 0.003136
63.550280, 0.003140
63.627856, 0.003145
63.687387, 0.003153
63.706477, 0.003157
63.766632, 0.003166
63.768694, 0.003177
63.854752, 0.003180
63.862806, 0.003189
63.915568, 0.003197
63.960551, 0.003201
64.051774, 0.003210
64.100892, 0.003214
64.126371, 0.003223
64.173110, 0.003227
64.216739, 0.003235
64.260690, 0.003239
64.325873, 0.003247
64.382649, 0.003255
64.397327, 0.003259
64.482359, 0.003264
64.487906, 0.003273
64.541346, 0.003281
64.619576, 0.003285
64.621344, 0.003297
64.689527, 0.003301
64.741438, 0.003309
64.785632, 0.003313
64.809540, 0.003322
64.917838, 0.003330
64.921276, 0.003340
65.041700, 0.003348
65.067859, 0.003352
65.121138, 0.003356
65.171624, 0.003364
65.222920, 0.003373
65.232199, 0.003379
65.328877, 0.003383
65.354020, 0.003391
65.416625, 0.003395
65.431738, 0.003403
65.500188, 0.003408
65.569420, 0.003416
65.581393, 0.003420
65.619508, 0.003429
65.715437, 0.003433
65.768937, 0.003441
65.808070, 0.003445
65.876677, 0.003453
65.879614, 0.003464
65.941889, 0.003468
66.008200, 0.003476
66.035530, 0.003480
66.065302, 0.003488
66.135045, 0.003492
66.151077, 0.003500
66.237606, 0.003504
66.273636, 0.003513
66.297597, 0.003517
66.329325, 0.003525
66.367154, 0.003529
66.426090, 0.003537
66.457142, 0.003542
66.548122, 0.003550
66.598476, 0.003553
66.656033, 0.003558
66.686170, 0.003566
66.727198, 0.003570
66.773733, 0.003578
66.833365, 0.003587
66.851001, 0.003591
66.890938, 0.003599
66.922439, 0.003603
66.988738, 0.003611
67.017307, 0.003615
67.076558, 0.003619
67.080357, 0.003629
67.182566, 0.003633
67.218881, 0.003641
67.232864, 0.003646
67.340229, 0.003649
67.351521, 0.003658
67.453949, 0.003662
67.463642, 0.003671
67.526036, 0.003675
67.559081, 0.003683
67.579985, 0.003687
67.615622, 0.003695
67.714305, 0.003699
67.730452, 0.003707
67.795556, 0.003716
67.820167, 0.003720
67.850815, 0.003728
67.928379, 0.003732
67.985961, 0.003740
68.061003, 0.003744
68.077192, 0.003752
68.129350, 0.003760
68.172063, 0.003764
68.225003, 0.003777
68.229883, 0.003781
68.321276, 0.003790
68.322317, 0.003802
68.406237, 0.003810
68.463592, 0.003819
68.470102, 0.003827
68.528684, 0.003831
68.610754, 0.003839
68.652488, 0.003843
68.678738, 0.003852
68.765184, 0.003856
68.765268, 0.003869
68.905721, 0.003877
68.911020, 0.003886
68.958393, 0.003894
69.026665, 0.003898
69.028730, 0.003909
69.132816, 0.003913
69.151968, 0.003922
69.223069, 0.003930
69.282120, 0.003934
69.343695, 0.003942
69.379169, 0.003947
69.422554, 0.003955
69.513207, 0.003959
69.566935, 0.003967
69.623338, 0.003972
69.654892, 0.003980
69.700431, 0.003984
69.753222, 0.003992
69.806438, 0.003996
69.843744, 0.004005
69.887486, 0.004009
69.901367, 0.004017
69.960487, 0.004025
69.983004, 0.004029
70.073218, 0.004033
70.099843, 0.004042
70.154792, 0.004050
70.205423, 0.004054
70.274955, 0.004058
70.298199, 0.004066
70.349955, 0.004070
70.409240, 0.004074
70.440395, 0.004083
70.528175, 0.004091
70.554530, 0.004095
70.581307, 0.004103
70.632256, 0.004111
70.643841, 0.004116
70.690991, 0.004124
70.754258, 0.004132
70.775867, 0.004136
70.834978, 0.004144
70.895547, 0.004148
70.947494, 0.004152
70.949447, 0.004163
71.008387, 0.004167
71.056220, 0.004176
71.143045, 0.004184
71.148937, 0.004192
71.262359, 0.004196
71.274282, 0.004204
71.332068, 0.004213
71.390099, 0.004217
71.404479, 0.004226
71.479207, 0.004234
71.500652, 0.004238
71.605574, 0.004242
71.616919, 0.004251
71.678111, 0.004259
71.727489, 0.004263
71.784142, 0.004271
71.806238, 0.004275
71.834311, 0.004284
71.887571, 0.004292
71.952293, 0.004296
71.974009, 0.004304
72.045105, 0.004313
72.067056, 0.004317
72.182322, 0.004329
72.188238, 0.004334
72.244143, 0.004342
72.315819, 0.004354
72.320349, 0.004360
72.371911, 0.004368
72.455599, 0.004377
72.468880, 0.004381
72.579442, 0.004385
72.590965, 0.004392
72.632424, 0.004397
72.709192, 0.004405
72.765535, 0.004409
72.815737, 0.004413
72.836032, 0.004422
72.909935, 0.004426
72.963772, 0.004430
72.982778, 0.004438
73.037246, 0.004446
73.041396, 0.004456
73.090641, 0.004464
73.134381, 0.004468
73.195871, 0.004477
73.262092, 0.004485
73.266012, 0.004494
73.367056, 0.004503
73.415590, 0.004507
73.448546, 0.004515
73.506464, 0.004524
73.546579, 0.004528
73.599557, 0.004536
73.636852, 0.004540
73.672887, 0.004549
73.691299, 0.004553
73.746732, 0.004561
73.755061, 0.004568
73.853778, 0.004572
73.869471, 0.004580
73.923127, 0.004585
74.000937, 0.004597
74.003293, 0.004603
74.052506, 0.004612
74.104618, 0.004616
74.136497, 0.004624
74.170295, 0.004628
74.225883, 0.004636
74.245804, 0.004640
74.279047, 0.004648
74.341151, 0.004653
74.346685, 0.004661
74.417468, 0.004665
74.458151, 0.004674
74.556296, 0.004678
74.607033, 0.004686
74.624545, 0.004690
74.741028, 0.004699
74.755320, 0.004703
74.852501, 0.004711
74.896594, 0.004715
74.952571, 0.004719
74.982513, 0.004727
75.034287, 0.004735
75.061163, 0.004739
75.144579, 0.004743
75.183448, 0.004752
75.236569, 0.004756
75.248491, 0.004764
75.299068, 0.004768
75.364078, 0.004772
75.379423, 0.004780
75.430977, 0.004788
75.459707, 0.004792
75.528090, 0.004801
75.578258, 0.004805
75.588493, 0.004813
75.707856, 0.004817
75.712319, 0.004827
75.823796, 0.004835
75.838631, 0.004839
75.909292, 0.004844
75.971001, 0.004852
76.044974, 0.004864
76.048741, 0.004870
76.151749, 0.004874
76.171091, 0.004882
76.223014, 0.004891
76.240881, 0.004895
76.334704, 0.004903
76.369429, 0.004907
76.425817, 0.004911
76.448468, 0.004919
76.525702, 0.004928
76.558652, 0.004932
76.635655, 0.004940
76.696804, 0.004944
76.733472, 0.004953
76.836139, 0.004957
76.850482, 0.004965
76.900518, 0.004973
76.914912, 0.004977
77.017154, 0.004982
77.031253, 0.004990
77.082506, 0.004994
77.108460, 0.005002
77.146427, 0.005006
77.236954, 0.005014
77.247395, 0.005019
77.304530, 0.005027
77.325473, 0.005031
77.381554, 0.005040
77.402690, 0.005044
77.449471, 0.005053
77.521411, 0.005056
77.593416, 0.005065
77.623054, 0.005069
77.726390, 0.005078
77.738531, 0.005082
77.830939, 0.005086
77.848310, 0.005094
77.936156, 0.005098
77.973013, 0.005107
77.994301, 0.005111
78.062741, 0.005115
78.063850, 0.005127
78.138702, 0.005135
78.167105, 0.005139
78.224879, 0.005147
78.240333, 0.005152
78.301260, 0.005156
78.345572, 0.005163
78.400075, 0.005168
78.429535, 0.005176
78.494353, 0.005180
78.538050, 0.005188
78.560689, 0.005192
78.628654, 0.005200
78.669636, 0.005204
78.706943, 0.005213
78.748433, 0.005216
78.820339, 0.005225
78.873332, 0.005229
78.936392, 0.005237
79.008879, 0.005241
79.056601, 0.005249
79.087992, 0.005253
79.132820, 0.005262
79.197962, 0.005266
79.274610, 0.005274
79.299110, 0.005278
79.391564, 0.005286
79.436777, 0.005290
79.521396, 0.005299
79.565893, 0.005303
79.609201, 0.005311
79.649163, 0.005315
79.714275, 0.005323
79.768398, 0.005327
79.828419, 0.005336
79.905131, 0.005340
79.946261, 0.005348
79.968482, 0.005352
80.038820, 0.005360
80.047415, 0.005367
80.119253, 0.005376
80.142463, 0.005380
80.200627, 0.005388
80.213152, 0.005392
80.313784, 0.005401
80.333364, 0.005405
80.392324, 0.005413
80.467562, 0.005425
80.470623, 0.005431
80.546209, 0.005439
80.577761, 0.005443
80.611878, 0.005452
80.693931, 0.005460
80.712572, 0.005464
80.768750, 0.005472
80.802083, 0.005476
80.845243, 0.005484
80.928702, 0.005488
80.972879, 0.005497
81.063459, 0.005505
81.078124, 0.005509
81.120731, 0.005517
81.148541, 0.005521
81.198796, 0.005530
81.256561, 0.005538
81.287935, 0.005542
81.316761, 0.005550
81.357749, 0.005554
81.378719, 0.005562
81.473620, 0.005570
81.492237, 0.005574
81.525824, 0.005583
81.580768, 0.005587
81.594215, 0.005595
81.693353, 0.005603
81.709023, 0.005608
81.767608, 0.005616
81.838740, 0.005620
81.872797, 0.005628
81.953094, 0.005632
82.019871, 0.005640
82.101472, 0.005644
82.123077, 0.005653
82.221289, 0.005657
82.227299, 0.005665
82.318091, 0.005669
82.343337, 0.005678
82.383554, 0.005682
82.398211, 0.005690
82.460538, 0.005694
82.531414, 0.005703
82.566294, 0.005707
82.651344, 0.005715
82.683189, 0.005719
82.779754, 0.005727
82.825535, 0.005731
82.852965, 0.005739
82.967164, 0.005743
82.976479, 0.005752
83.024675, 0.005756
83.098237, 0.005764
83.123448, 0.005768
83.205746, 0.005772
83.236845, 0.005780
83.327025, 0.005784
83.386778, 0.005797
83.389256, 0.005803
83.442594, 0.005812
83.484307, 0.005816
83.534783, 0.005824
83.629609, 0.005828
83.651977, 0.005836
83.749107, 0.005845
83.760758, 0.005849
83.823158, 0.005858
83.833909, 0.005863
83.924851, 0.005871
83.942868, 0.005875
83.976705, 0.005884
84.029469, 0.005892
84.050130, 0.005896
84.150156, 0.005900
84.163071, 0.005909
84.228797, 0.005913
84.229027, 0.005926
84.295423, 0.005930
84.349134, 0.005938
84.354938, 0.005946
84.406347, 0.005955
84.484659, 0.005959
84.528511, 0.005967
84.557463, 0.005971
84.652301, 0.005979
84.668307, 0.005983
84.798052, 0.005991
84.816357, 0.005995
84.871271, 0.006003
84.938272, 0.006007
84.979940, 0.006016
85.059659, 0.006019
85.102776, 0.006028
85.125276, 0.006032
85.191837, 0.006036
85.236438, 0.006044
85.257815, 0.006048
85.358562, 0.006052
85.373857, 0.006060
85.456119, 0.006068
85.481856, 0.006073
85.531750, 0.006081
85.607763, 0.006085
85.673715, 0.006093
85.719688, 0.006097
85.807250, 0.006105
85.852033, 0.006109
85.909415, 0.006118
85.971921, 0.006126
85.986589, 0.006130
86.048136, 0.006139
86.125869, 0.006151
86.127471, 0.006158
86.180623, 0.006166
86.218172, 0.006170
86.234560, 0.006179
86.307531, 0.006183
86.323236, 0.006191
86.358500, 0.006195
86.421257, 0.006199
86.463959, 0.006208
86.525805, 0.006212
86.592110, 0.006220
86.615804, 0.006225
86.700454, 0.006233
86.707700, 0.006241
86.773256, 0.006249
86.783246, 0.006255
86.889260, 0.006263
86.924748, 0.006267
87.000148, 0.006276
87.050887, 0.006280
87.121075, 0.006288
87.149974, 0.006293
87.213676, 0.006297
87.241718, 0.006305
87.358266, 0.006309
87.367607, 0.006317
87.451655, 0.006321
87.502151, 0.006329
87.544110, 0.006333
87.646542, 0.006346
87.649214, 0.006352
87.735225, 0.006361
87.741852, 0.006369
87.841954, 0.006377
87.850522, 0.006384
87.951848, 0.006388
87.963735, 0.006397
88.067505, 0.006405
88.095898, 0.006409
88.156853, 0.006421
88.161742, 0.006426
88.223481, 0.006434
88.270381, 0.006438
88.276882, 0.006447
88.362211, 0.006451
88.420634, 0.006459
88.484892, 0.006463
88.496291, 0.006471
88.539851, 0.006475
88.598692, 0.006480
88.641779, 0.006488
88.696651, 0.006492
88.750832, 0.006500
88.842990, 0.006504
88.851518, 0.006512
88.896379, 0.006517
88.902307, 0.006525
89.018935, 0.006533
89.039307, 0.006538
89.095569, 0.006546
89.187469, 0.006550
89.192550, 0.006559
89.280827, 0.006567
89.331113, 0.006571
89.394619, 0.006576
89.412849, 0.006584
89.464277, 0.006588
89.509418, 0.006596
89.571929, 0.006600
89.629439, 0.006609
89.679675, 0.006617
89.687928, 0.006625
89.746613, 0.006633
89.801289, 0.006637
89.894698, 0.006645
89.903354, 0.006652
90.019970, 0.006660
90.044130, 0.006664
90.103212, 0.006668
90.141781, 0.006677
90.199853, 0.006681
90.258608, 0.006689
90.309042, 0.006693
90.359540, 0.006697
90.383161, 0.006705
90.435060, 0.006710
90.438117, 0.006720
90.501980, 0.006729
90.584681, 0.006733
90.637983, 0.006741
90.655240, 0.006745
90.713306, 0.006749
90.728571, 0.006757
90.780392, 0.006766
90.807506, 0.006770
90.864055, 0.006778
90.907090, 0.006782
90.945105, 0.006790
91.001890, 0.006799
91.047259, 0.006803
91.126731, 0.006807
91.139227, 0.006815
91.219849, 0.006824
91.264202, 0.006828
91.277147, 0.006836
91.354094, 0.006840
91.414797, 0.006848
91.457729, 0.006852
91.509734, 0.006860
91.545703, 0.006864
91.630492, 0.006868
91.655580, 0.006876
91.746452, 0.006881
91.781273, 0.006889
91.834173, 0.006897
91.878584, 0.006901
91.926920, 0.006910
91.942383, 0.006914
92.009563, 0.006918
92.056165, 0.006926
92.109322, 0.006930
92.149360, 0.006939
92.201116, 0.006943
92.272470, 0.006951
92.337822, 0.006960
92.350750, 0.006964
92.409535, 0.006968
92.437600, 0.006976
92.510361, 0.006980
92.511630, 0.006992
92.627368, 0.007000
92.643964, 0.007005
92.764512, 0.007013
92.775156, 0.007018
92.886173, 0.007022
92.912923, 0.007031
93.025079, 0.007035
93.031563, 0.007043
93.114252, 0.007047
93.150849, 0.007055
93.180996, 0.007059
93.258615, 0.007067
93.311473, 0.007072
93.323626, 0.007080
93.395599, 0.007084
93.425789, 0.007092
93.461664, 0.007096
93.500541, 0.007104
93.592838, 0.007112
93.602388, 0.007119
93.654790, 0.007127
93.675308, 0.007131
93.747015, 0.007136
93.753138, 0.007144
93.824613, 0.007148
93.871257, 0.007157
93.947102, 0.007161
94.012913, 0.007169
94.075531, 0.007173
94.126624, 0.007181
94.147966, 0.007185
94.195576, 0.007193
94.238494, 0.007197
94.297053, 0.007206
94.314652, 0.007210
94.434692, 0.007218
94.459512, 0.007223
94.488736, 0.007231
94.515117, 0.007235
94.623510, 0.007244
94.656398, 0.007248
94.766724, 0.007256
94.799890, 0.007260
94.867089, 0.007264
94.879381, 0.007273
94.930506, 0.007281
94.988568, 0.007285
95.046959, 0.007293
95.096377, 0.007297
95.165263, 0.007305
95.180019, 0.007309
95.256819, 0.007318
95.319246, 0.007322
95.394963, 0.007330
95.450192, 0.007339
95.450934, 0.007351
95.581032, 0.007359
95.597213, 0.007364
95.698742, 0.007376
95.702338, 0.007382
95.775393, 0.007391
95.789022, 0.007395
95.883815, 0.007403
95.906430, 0.007407
95.993603, 0.007411
96.020070, 0.007420
96.092456, 0.007424
96.098870, 0.007432
96.216786, 0.007436
96.223193, 0.007444
96.298419, 0.007453
96.350868, 0.007465
96.354220, 0.007471
96.455168, 0.007475
96.494031, 0.007483
96.554137, 0.007487
96.575989, 0.007496
96.651699, 0.007500
96.677115, 0.007508
96.718466, 0.007512
96.809663, 0.007520
96.839535, 0.007525
96.914941, 0.007533
96.918933, 0.007543
96.994970, 0.007551
97.034878, 0.007555
97.111691, 0.007563
97.126826, 0.007567
97.171747, 0.007575
97.183548, 0.007580
97.282081, 0.007588
97.315503, 0.007592
97.348939, 0.007601
97.448284, 0.007605
97.490863, 0.007613
97.502225, 0.007618
97.603489, 0.007626
97.643892, 0.007630
97.705062, 0.007639
97.746156, 0.007643
97.785449, 0.007651
97.803188, 0.007655
97.851815, 0.007664
97.941792, 0.007668
97.950486, 0.007676
98.066338, 0.007684
98.087982, 0.007689
98.161745, 0.007693
98.183350, 0.007701
98.256361, 0.007709
98.272207, 0.007714
98.371054, 0.007722
98.391095, 0.007726
98.473864, 0.007730
98.483518, 0.007738
98.543799, 0.007746
98.594075, 0.007750
98.643480, 0.007759
98.675096, 0.007763
98.729977, 0.007767
98.731582, 0.007778
98.859356, 0.007791
98.861722, 0.007797
98.912637, 0.007805
98.983135, 0.007817
98.985145, 0.007824
99.056926, 0.007832
99.063769, 0.007841
99.117164, 0.007845
99.164544, 0.007853
99.171102, 0.007861
99.261995, 0.007873
99.268044, 0.007877
99.325640, 0.007886
99.404898, 0.007890
99.448687, 0.007898
99.508737, 0.007902
99.542678, 0.007910
99.635678, 0.007914
99.675267, 0.007923
99.708941, 0.007927
99.756384, 0.007935
99.847479, 0.007943
99.856588, 0.007950
99.944788, 0.007958
99.992910, 0.007962
100.002549, 0.007970
100.079597, 0.007978
100.101362, 0.007982
100.151985, 0.007991
100.164045, 0.007995
