2.612609	76.31290
2.731903	48.62220
2.791199	54.48030
2.927769	45.89540
3.019971	45.94800
3.159976	42.33860
3.269127	41.82580
3.354433	42.68840
3.482851	41.36450
3.573368	41.86790
3.623606	43.88590
3.742895	43.06040
3.829399	43.47770
3.911853	43.97300
4.042176	42.98010
4.167640	42.27460
4.270134	42.22970
4.321234	43.41880
4.404595	43.76330
4.476130	44.34970
4.566978	44.46260
4.706718	43.55220
4.772270	44.18460
4.839698	44.74390
4.948128	44.49480
5.081092	43.83710
5.210496	43.30330
5.282874	43.71480
5.379111	43.73210
5.519802	43.09200
5.624065	43.01480
5.771188	42.37000
5.893987	42.08620
6.019156	41.79400
6.134642	41.63450
6.222706	41.79530
6.358241	41.42470
6.427252	41.78570
6.489173	42.21000
6.560767	42.51820
6.692608	42.19190
6.825873	41.87180
6.888617	42.24780
7.021245	41.94600
7.071617	42.42070
7.142976	42.68860
7.208970	42.99790
7.329367	42.80500
7.410182	42.96910
7.486458	43.16760
7.571761	43.28200
7.720347	42.86080
7.834878	42.73710
7.920606	42.84750
8.035297	42.72730
8.148521	42.62330
8.249800	42.61260
8.337223	42.70440
8.430132	42.75350
8.550603	42.60430
8.686033	42.35730
8.762836	42.51890
8.897281	42.28850
8.997019	42.29450
9.138581	42.03140
9.239797	42.03170
9.367009	41.87150
9.451240	41.97720
9.566318	41.89530
9.619991	42.17950
9.678230	42.43220
9.776547	42.44380
9.894725	42.34030
9.975093	42.45530
10.083387	42.40990
10.170652	42.48280
10.267963	42.49860
10.362512	42.52910
10.419692	42.76110
10.510669	42.80700
10.581270	42.96080
10.710947	42.79950
10.773998	42.98910
10.910658	42.79530
10.967079	43.01420
11.045065	43.12040
11.149585	43.09120
11.249625	43.08490
11.314976	43.24940
11.392854	43.34990
11.526385	43.17900
11.630810	43.15110
11.706577	43.25890
11.761071	43.46520
11.831405	43.59450
11.953597	43.48050
12.038866	43.53840
12.188251	43.30500
12.313494	43.18530
12.398099	43.24650
12.519344	43.14740
12.598679	43.23030
12.690738	43.25760
12.794051	43.23680
12.904697	43.18580
12.994010	43.22400
13.118135	43.11890
13.226607	43.07950
13.375410	42.88030
13.480436	42.85770
13.598893	42.78330
13.657978	42.93900
13.747655	42.97520
13.816202	43.09160
13.941914	42.98960
14.070523	42.87910
14.210566	42.72900
14.324272	42.67780
14.402881	42.75390
14.517983	42.69830
14.614102	42.71090
14.755159	42.56590
14.840410	42.61690
14.978344	42.48630
15.033964	42.63800
15.127116	42.66060
15.232094	42.64310
15.288095	42.78980
15.359924	42.88220
15.491246	42.77580
15.623909	42.66730
15.753288	42.57150
15.859622	42.55110
15.999801	42.42400
16.108388	42.39810
16.196540	42.43610
16.287576	42.46470
16.385887	42.47060
16.523896	42.35570
16.656284	42.25980
16.757533	42.25820
16.808239	42.40650
16.876764	42.50080
17.013624	42.39280
17.072720	42.51340
17.220062	42.37650
17.343780	42.30980
17.472830	42.22900
17.591100	42.17990
17.690110	42.18520
17.748895	42.30210
17.803873	42.42870
17.909951	42.41280
18.015299	42.39900
18.089351	42.47090
18.207053	42.42340
18.346594	42.31810
18.479162	42.23300
18.602407	42.17390
18.745459	42.06410
18.822755	42.12590
18.947898	42.06390
18.998781	42.19260
19.120435	42.13960
19.196709	42.20230
19.298897	42.19890
19.379798	42.24890
19.437604	42.35640
19.532788	42.36960
19.606395	42.43630
19.678383	42.50640
19.764555	42.54090
19.885396	42.48990
19.999264	42.45650
20.060217	42.55180
20.152392	42.57080
20.239020	42.60290
20.383384	42.49660
20.483693	42.49620
20.556036	42.56190
20.610981	42.66810
20.756711	42.56030
20.862339	42.54720
20.935758	42.60880
21.014366	42.65790
21.131550	42.61790
21.265191	42.54100
21.404936	42.45140
21.503624	42.45490
21.611547	42.43780
21.756588	42.33890
21.843255	42.36930
21.925627	42.40880
22.011855	42.43960
22.062960	42.54660
22.138158	42.60060
22.250484	42.57370
22.385091	42.49940
22.502871	42.46180
22.653029	42.35630
22.760545	42.34150
22.816471	42.43470
22.906066	42.45700
22.956814	42.56010
23.090622	42.49000
23.215333	42.43950
23.296700	42.47820
23.357545	42.55860
23.412457	42.65060
23.558924	42.55580
23.635658	42.60280
23.733574	42.60680
23.807899	42.65800
23.861846	42.74980
24.004445	42.66400
24.132300	42.60840
24.251155	42.57120
24.364511	42.54500
24.488911	42.49780
24.542293	42.58820
24.687464	42.50110
24.737750	42.59660
24.817065	42.63600
24.951434	42.57030
25.017401	42.63470
25.071210	42.72190
25.168828	42.72570
25.292054	42.68130
25.397710	42.67020
25.461865	42.73650
25.541962	42.77270
25.668163	42.72330
25.798893	42.66610
25.850519	42.75430
25.984990	42.69050
26.065539	42.72530
26.210226	42.64390
26.346734	42.57810
26.435343	42.59830
26.506804	42.64890
26.570273	42.71340
26.629639	42.78490
26.758119	42.73360
26.829837	42.78270
26.949823	42.74670
27.087104	42.68100
27.223195	42.61810
27.288562	42.67750
27.371677	42.70610
27.482051	42.68770
27.540598	42.75800
27.605903	42.81650
27.740023	42.75740
27.823384	42.78480
27.891077	42.83850
28.009627	42.80620
28.123139	42.78260
28.220842	42.78550
28.301168	42.81740
28.417930	42.78860
28.477352	42.85470
28.591471	42.83030
28.689644	42.83230
28.812622	42.79380
28.908363	42.79980
29.007734	42.79990
29.060380	42.87550
29.162332	42.87110
29.221215	42.93610
29.283878	42.99470
29.393898	42.97700
29.465205	43.02130
29.562786	43.02340
29.692971	42.97380
29.758938	43.02610
29.809623	43.10220
29.917967	43.08710
30.058040	43.02240
30.122206	43.07670
30.177368	43.14470
30.251162	43.18340
30.388220	43.12370
30.511627	43.08560
30.584277	43.12570
30.722062	43.06590
30.839044	43.03820
30.916816	43.07030
30.967462	43.14330
31.043949	43.17690
31.144809	43.17340
31.235982	43.18460
31.357182	43.15060
31.447080	43.16360
31.567283	43.13150
31.637010	43.17440
31.697357	43.23110
31.781050	43.25290
31.893673	43.23190
32.002095	43.21730
32.141985	43.15680
32.263387	43.12370
32.368550	43.11430
32.440500	43.15290
32.550351	43.13680
32.692331	43.07480
32.790465	43.07570
32.866765	43.10770
32.982913	43.08300
33.049883	43.12800
33.161490	43.10980
33.311283	43.03820
33.435763	43.00250
33.501420	43.04880
33.595383	43.05560
33.721978	43.01730
33.822597	43.01500
33.960695	42.96130
34.035195	42.99490
34.170630	42.94530
34.272453	42.94160
34.418565	42.87830
34.558801	42.82340
34.681292	42.79260
34.751981	42.83080
34.823460	42.86780
34.902476	42.89470
35.041584	42.84200
35.094531	42.90310
35.201369	42.89310
35.259001	42.94760
35.345229	42.96450
35.483323	42.91350
35.605489	42.88370
35.676846	42.91980
35.785600	42.90740
35.839369	42.96600
35.973762	42.92050
36.114890	42.86690
36.222709	42.85600
36.370037	42.79510
36.457514	42.81020
36.580770	42.78020
36.695958	42.76060
36.822958	42.72630
36.941293	42.70300
37.041374	42.70250
37.163527	42.67480
37.296251	42.63420
37.414711	42.61140
37.465261	42.67170
37.590707	42.64030
37.695185	42.63470
37.821943	42.60210
37.889435	42.64120
37.955098	42.68230
38.089731	42.64040
38.181604	42.64990
38.293152	42.63580
38.386170	42.64390
38.520044	42.60350
38.663574	42.55210
38.756421	42.56050
38.875979	42.53760
38.971023	42.54340
39.075165	42.53860
39.170986	42.54360
39.272925	42.54140
39.323998	42.59800
39.470110	42.54470
39.590390	42.52140
39.650441	42.56730
39.703972	42.62060
39.768383	42.66120
39.833538	42.70080
39.930198	42.70420
40.029372	42.70480
40.115375	42.72030
40.247939	42.68300
40.328584	42.70450
40.473294	42.65380
40.575729	42.65080
40.627777	42.70430
40.722785	42.70950
40.829438	42.70170
40.932718	42.69770
41.067247	42.65900
41.171522	42.65400
41.221738	42.70870
41.325184	42.70450
41.389033	42.74390
41.499196	42.73230
41.632373	42.69560
41.756961	42.66840
41.890712	42.63160
41.945178	42.68070
42.038850	42.68720
42.116512	42.71100
42.227205	42.69910
42.305815	42.72170
42.425394	42.70030
42.488378	42.73960
42.580992	42.74700
42.680216	42.74730
42.816394	42.70850
42.951688	42.67080
43.019584	42.70440
43.085613	42.73980
43.173263	42.75240
43.281052	42.74370
43.402718	42.72060
43.489079	42.73440
43.555426	42.76910
43.655450	42.76850
43.788290	42.73400
43.936452	42.68380
43.999365	42.72170
44.142280	42.67720
44.233837	42.68560
44.372832	42.64550
44.512806	42.60470
44.639298	42.57770
44.704571	42.61280
44.815558	42.60160
44.936093	42.58080
45.035407	42.58150
45.179326	42.53750
45.317490	42.49960
45.419019	42.49830
45.561859	42.45610
45.656385	42.46170
45.742227	42.47580
45.813293	42.50450
45.918611	42.49940
46.053110	42.46580
46.128491	42.49000
46.276927	42.44310
46.383630	42.43690
46.469334	42.45100
46.589679	42.43160
46.731574	42.39170
46.783260	42.43830
46.872722	42.44870
47.016112	42.40750
47.121411	42.40280
47.172196	42.45000
47.310200	42.41420
47.376223	42.44660
47.476517	42.44660
47.537350	42.48380
47.643711	42.47800
47.754768	42.46780
47.895984	42.42940
47.964522	42.45910
48.014079	42.50640
48.092013	42.52710
48.191830	42.52740
48.257669	42.55920
48.378069	42.54030
48.508251	42.51240
48.624271	42.49770
48.705850	42.51480
48.782588	42.53630
48.874766	42.54350
48.938420	42.57690
49.021084	42.59280
49.138974	42.57630
49.207590	42.60490
49.343131	42.57250
49.404756	42.60730
49.506843	42.60530
49.612412	42.60020
49.750686	42.56550
49.876542	42.54230
49.929066	42.58500
50.077063	42.54190
50.200928	42.52060
50.258654	42.55840
50.369058	42.54910
50.487588	42.53270
50.610734	42.51230
50.699628	42.52220
50.791268	42.52960
50.885406	42.53480
50.967794	42.55040
51.052844	42.56350
51.121129	42.59130
51.197084	42.61230
51.344115	42.57110
51.481372	42.53870
51.598376	42.52400
51.739635	42.48840
51.790387	42.53100
51.915856	42.50910
52.040189	42.48830
52.167317	42.46520
52.235476	42.49260
52.297065	42.52560
52.414205	42.51100
52.554480	42.47690
52.679666	42.45570
52.785025	42.45140
52.862536	42.47060
52.922882	42.50420
52.983069	42.53790
53.049540	42.56620
53.191254	42.53110
53.266476	42.55190
53.354255	42.56220
53.447456	42.56780
53.557405	42.55950
53.623487	42.58780
53.680596	42.62350
53.751805	42.64730
53.845251	42.65260
53.991221	42.61430
54.073248	42.62910
54.185159	42.61910
54.279518	42.62360
54.347477	42.64990
54.492832	42.61250
54.580752	42.62220
54.719996	42.59010
54.773652	42.62780
54.840848	42.65440
54.920392	42.67090
54.988600	42.69660
55.111816	42.67740
55.193350	42.69220
55.339205	42.65490
55.469624	42.63020
55.619495	42.59000
55.763256	42.55490
55.890317	42.53330
56.020104	42.50960
56.124520	42.50620
56.176746	42.54420
56.323191	42.50750
56.369541	42.55000
56.471119	42.54870
56.488692	42.61380
56.600379	42.60450
56.610130	42.67550
56.665692	42.71030
56.698139	42.76340
56.778777	42.77830
56.799642	42.84030
56.893390	42.84470
56.899432	42.91820
56.956949	42.95110
56.980805	43.01050
57.008541	43.06670
57.079328	43.08890
57.145860	43.11430
57.199418	43.14990
57.240417	43.19540
57.255005	43.26170
57.356643	43.25910
57.362545	43.33210
57.414361	43.36880
57.452353	43.41630
57.469185	43.48050
57.508541	43.52680
57.561172	43.56250
57.581049	43.62410
57.642407	43.65280
57.725396	43.66430
57.773499	43.70330
57.847696	43.72170
57.863213	43.78630
57.995213	43.75890
58.009219	43.82460
58.070930	43.85250
58.085063	43.91800
58.167866	43.92910
58.218596	43.96560
58.301432	43.97660
58.339283	44.02300
58.439304	44.02040
58.452012	44.08650
58.494496	44.12910
58.512392	44.19110
58.584084	44.21050
58.620253	44.25790
58.655150	44.30620
58.736401	44.31790
58.747774	44.38470
58.817235	44.40550
58.835280	44.46690
58.917921	44.47720
58.930849	44.54250
58.980514	44.57870
59.008679	44.63190
59.101940	44.63350
59.156649	44.66560
59.179269	44.72290
59.280482	44.71810
59.304011	44.77460
59.376846	44.79210
59.417905	44.83460
59.449672	44.88440
59.510537	44.91110
59.564135	44.94360
59.655700	44.94600
59.685685	44.99700
59.742483	45.02670
59.755626	45.09070
59.797431	45.13220
59.853820	45.16200
59.875382	45.21930
59.960911	45.22610
59.973199	45.29050
60.081458	45.27930
60.102365	45.33680
60.210454	45.32560
60.224476	45.38840
60.295606	45.40620
60.331031	45.45200
60.359058	45.50360
60.390522	45.55240
60.483332	45.55290
60.489394	45.62160
60.556766	45.64200
60.595542	45.68480
60.681405	45.69060
60.743017	45.71530
60.771737	45.76590
60.807556	45.81080
60.873294	45.83210
60.916778	45.87090
60.953871	45.91470
61.019415	45.93600
61.100279	45.94520
61.124785	45.99870
61.189939	46.02010
61.202328	46.08300
61.248736	46.11910
61.324302	46.13220
61.330971	46.19940
61.425986	46.19710
61.460294	46.24240
61.503277	46.28090
61.547525	46.31840
61.647661	46.31190
61.654031	46.37890
61.706213	46.41000
61.771342	46.43080
61.777304	46.49800
61.874187	46.49380
61.896303	46.54820
61.933910	46.59040
61.946558	46.65210
61.995985	46.68490
62.077098	46.69280
62.121864	46.72920
62.197998	46.74090
62.252359	46.76960
62.329968	46.78010
62.344219	46.84010
62.421113	46.85100
62.458388	46.89290
62.519497	46.91610
62.532005	46.97730
62.575466	47.01420
62.662434	47.01700
62.692948	47.06390
62.739592	47.09810
62.804251	47.11820
62.833057	47.16630
62.900472	47.18420
62.973380	47.19770
62.986089	47.25820
63.035532	47.28990
63.110807	47.30140
63.123473	47.36180
63.175214	47.39160
63.194882	47.44640
63.251620	47.47220
63.276394	47.52290
63.336711	47.54570
63.404320	47.56290
63.414618	47.62470
63.551230	47.58790
63.557112	47.65300
63.633893	47.66280
63.699326	47.68140
63.712535	47.74070
63.778532	47.75880
63.784434	47.82370
63.860349	47.83390
63.874806	47.89200
63.927367	47.92030
63.966409	47.95920
64.063913	47.95230
64.106890	47.98800
64.138530	48.03250
64.179208	48.06980
64.228099	48.10070
64.266347	48.13990
64.337592	48.15320
64.394588	48.17770
64.403125	48.23990
64.488256	48.24230
64.501045	48.30100
64.553206	48.32900
64.625554	48.34130
64.638282	48.39990
64.695345	48.42400
64.753057	48.44740
64.791250	48.48610
64.821460	48.53090
64.929838	48.51480
64.935760	48.57850
65.053420	48.55510
65.073357	48.60770
65.126696	48.63430
65.183423	48.65820
65.234880	48.68610
65.240802	48.74940
65.334695	48.74430
65.365800	48.78790
65.422382	48.81170
65.443478	48.86300
65.505906	48.88220
65.581599	48.89100
65.587581	48.95390
65.631308	48.98740
65.720975	48.98530
65.780536	49.00640
65.813868	49.04790
65.888637	49.05720
65.894519	49.11980
65.947926	49.14560
66.019519	49.15720
66.041268	49.20740
66.076982	49.24670
66.141123	49.26400
66.162677	49.31420
66.243383	49.31850
66.285236	49.35290
66.303295	49.40570
66.341225	49.44310
66.373092	49.48510
66.437989	49.50140
66.463139	49.54850
66.559381	49.54050
66.604054	49.57240
66.661891	49.59410
66.697789	49.63270
66.733156	49.67170
66.785972	49.69710
66.845004	49.71760
66.856979	49.77460
66.902697	49.80530
66.928017	49.85190
67.000017	49.86220
67.023304	49.91020
67.082275	49.93060
67.094824	49.98680
67.188223	49.98040
67.230641	50.01350
67.238821	50.07290
67.345727	50.05600
67.363680	50.10780
67.459947	50.09900
67.475581	50.15250
67.531973	50.17450
67.570881	50.21000
67.585643	50.26400
67.627421	50.29710
67.719863	50.29110
67.741851	50.33940
67.807476	50.35400
67.825865	50.40500
67.862734	50.44180
67.933937	50.45190
67.997681	50.46780
68.067060	50.47930
68.088832	50.52750
68.140649	50.55250
68.177800	50.58870
68.236683	50.60820
68.242545	50.66840
68.333515	50.66310
68.339318	50.72330
68.418117	50.72720
68.475511	50.74760
68.481594	50.80750
68.534662	50.83110
68.622633	50.82790
68.658125	50.86500
68.690758	50.90420
68.771222	50.90660
68.783511	50.96150
68.917660	50.92260
68.923563	50.98220
68.970152	51.01050
69.032303	51.02680
69.045071	51.08100
69.138334	51.07340
69.164107	51.11750
69.234829	51.12720
69.287838	51.15030
69.355734	51.16200
69.385206	51.20320
69.434494	51.22910
69.519105	51.22790
69.578674	51.24590
69.629256	51.27070
69.667031	51.30520
69.706349	51.33860
69.764861	51.35720
69.811956	51.38450
69.855424	51.41460
69.893284	51.44890
69.913507	51.49660
69.971926	51.51510
69.988741	51.56540
70.078955	51.55950
70.111843	51.59740
70.166231	51.61890
70.211141	51.64750
70.280952	51.65710
70.310199	51.69760
70.355733	51.72570
70.414857	51.74330
70.452535	51.77730
70.539475	51.77370
70.560348	51.82040
70.592746	51.85830
70.644336	51.88150
70.650278	51.93950
70.702670	51.96200
70.765878	51.97620
70.781484	52.02670
70.846378	52.03960
70.901464	52.05990
70.953271	52.08270
70.965380	52.13570
71.014005	52.16090
71.067899	52.18190
71.154904	52.17780
71.160867	52.23530
71.267997	52.21580
71.286182	52.26390
71.344107	52.28180
71.396056	52.30410
71.416799	52.35020
71.491386	52.35530
71.506509	52.40550
71.611291	52.38760
71.628539	52.43620
71.689650	52.45140
71.733067	52.48000
71.796182	52.49360
71.812096	52.54300
71.846370	52.57840
71.899390	52.59960
71.957811	52.61670
71.985888	52.65670
72.057424	52.66370
72.073013	52.71310
72.194442	52.68230
72.200304	52.73900
72.255702	52.75820
72.327779	52.76470
72.333620	52.82120
72.384170	52.84390
72.467798	52.84160
72.474438	52.89750
72.584940	52.87480
72.602285	52.92240
72.638381	52.95590
72.721011	52.95420
72.771593	52.97670
72.821415	52.99970
72.848091	53.04010
72.915532	53.04980
72.969550	53.06950
72.994257	53.11130
73.049305	53.13020
73.055108	53.18620
73.102660	53.21070
73.140039	53.24280
73.208050	53.25180
73.273772	53.26250
73.279654	53.31820
73.379356	53.30330
73.421167	53.33190
73.460606	53.36220
73.518084	53.37900
73.552457	53.41310
73.611716	53.42850
73.642509	53.46520
73.685026	53.49310
73.697276	53.54370
73.758331	53.55750
73.764613	53.61260
73.859455	53.60100
73.881710	53.64390
73.929205	53.66780
74.012438	53.66490
74.018399	53.72000
74.064445	53.74490
74.110395	53.76990
74.147957	53.80110
74.175952	53.83950
74.238002	53.85230
74.251502	53.90150
74.290687	53.93140
74.347228	53.94820
74.359316	53.99840
74.423285	54.00950
74.470030	54.03360
74.562174	54.02360
74.618832	54.04010
74.630423	54.09050
74.752807	54.05780
74.761198	54.11040
74.863900	54.09240
74.902091	54.12270
74.958368	54.13940
74.994193	54.17140
75.045826	54.19150
75.066940	54.23440
75.150556	54.23060
75.195387	54.25570
75.242467	54.27910
75.260410	54.32430
75.304565	54.34980
75.369896	54.35950
75.391042	54.40210
75.442836	54.42190
75.465225	54.46350
75.540009	54.46600
75.584235	54.49130
75.600652	54.53730
75.713393	54.51150
75.726021	54.56020
75.835795	54.53660
75.844608	54.58810
75.915369	54.59350
75.982620	54.60140
76.056494	54.60440
76.062535	54.65790
76.157426	54.64520
76.183510	54.68370
76.235253	54.70300
76.246438	54.75250
76.346383	54.73600
76.375346	54.77220
76.431654	54.78800
76.460207	54.82450
76.537401	54.82480
76.564589	54.86210
76.647334	54.85830
76.702761	54.87470
76.745671	54.90030
76.841677	54.88670
76.862361	54.92870
76.912458	54.94890
76.920529	55.00020
77.023251	54.98150
77.043092	55.02400
77.088063	55.04790
77.120659	55.08090
77.152104	55.11470
77.248553	55.10050
77.254316	55.15320
77.315969	55.16470
77.331111	55.21040
77.393653	55.22120
77.408728	55.26690
77.461790	55.28460
77.526929	55.29330
77.605495	55.29210
77.629112	55.33140
77.738469	55.30760
77.744731	55.35960
77.836776	55.34840
77.859909	55.38790
77.941934	55.38410
77.985092	55.40880
77.999978	55.45430
78.068438	55.46040
78.081266	55.50730
78.150841	55.51260
78.172622	55.55280
78.236378	55.56230
78.246271	55.61130
78.306878	55.62290
78.356951	55.64230
78.405953	55.66250
78.440993	55.69290
78.500131	55.70560
78.549969	55.72500
78.566606	55.76880
78.640433	55.77070
78.675333	55.80100
78.718502	55.82530
78.753951	55.85510
78.832558	55.85340
78.879190	55.87500
78.947711	55.88060
79.014416	55.88750
79.068420	55.90370
79.094089	55.94060
79.144299	55.95940
79.203900	55.97150
79.286489	55.96670
79.305127	56.00850
79.402943	55.99260
79.442435	56.01920
79.533335	56.00840
79.571750	56.03570
79.621440	56.05480
79.654980	56.08560
79.725774	56.08930
79.774135	56.10930
79.840338	56.11630
79.910648	56.12030
79.958040	56.14090
79.974480	56.18400
80.050759	56.18360
80.057385	56.23370
80.130832	56.23530
80.148120	56.27770
80.212486	56.28580
80.219249	56.33570
80.325783	56.31330
80.339101	56.35840
80.403903	56.36610
80.479023	56.36640
80.484804	56.41680
80.558148	56.41830
80.583378	56.45460
80.623997	56.47980
80.705990	56.47500
80.718250	56.52060
80.780549	56.53000
80.807840	56.56460
80.856522	56.58380
80.934779	56.58160
80.984958	56.59970
81.074918	56.58910
81.083721	56.63690
81.132429	56.65600
81.154639	56.69410
81.210535	56.70790
81.268039	56.72060
81.293673	56.75620
81.328720	56.78490
81.363326	56.81400
81.390598	56.84830
81.485098	56.83420
81.497855	56.87890
81.537803	56.90400
81.586386	56.92290
81.606354	56.96240
81.705031	56.94510
81.715020	56.99170
81.779727	56.99890
81.844398	57.00610
81.884696	57.03080
81.958672	57.03120
82.031530	57.03250
82.107230	57.03170
82.134756	57.06550
82.227086	57.05280
82.239574	57.09720
82.323808	57.09030
82.355276	57.12110
82.389271	57.15010
82.410330	57.18830
82.466515	57.20140
82.543313	57.19970
82.572012	57.23230
82.663223	57.22030
82.688767	57.25520
82.791193	57.23510
82.831113	57.25970
82.864684	57.28870
82.973142	57.26440
82.988158	57.30660
83.030432	57.32940
83.110155	57.32550
83.129185	57.36480
83.211623	57.35890
83.248823	57.38520
83.332742	57.37830
83.398518	57.38430
83.404499	57.43270
83.454273	57.44990
83.489945	57.47720
83.547122	57.48920
83.635426	57.47900
83.663456	57.51170
83.761126	57.49490
83.767312	57.54290
83.835016	57.54740
83.841303	57.59530
83.936810	57.58000
83.948965	57.62370
83.988463	57.64800
84.041148	57.66290
84.056008	57.70460
84.156133	57.68600
84.174890	57.72490
84.234895	57.73460
84.247263	57.77790
84.301001	57.79200
84.360873	57.80170
84.367199	57.84930
84.418046	57.86540
84.490656	57.86600
84.540370	57.88280
84.563080	57.91870
84.664240	57.89920
84.673905	57.94420
84.809571	57.90040
84.822095	57.94330
84.882750	57.95230
84.943850	57.96100
84.991579	57.97910
85.065296	57.97880
85.114275	57.99600
85.131173	58.03570
85.197854	58.04030
85.248277	58.05640
85.263452	58.09720
85.364200	58.07790
85.385295	58.11450
85.468018	58.10790
85.487834	58.14530
85.543389	58.15770
85.613520	58.15980
85.685554	58.16060
85.725225	58.18400
85.819069	58.16960
85.857910	58.19350
85.921354	58.20030
85.983780	58.20780
85.992486	58.25270
86.059975	58.25660
86.137389	58.25360
86.143550	58.30020
86.192422	58.31700
86.224029	58.34580
86.246739	58.38090
86.313048	58.38550
86.335535	58.42060
86.364018	58.45150
86.427175	58.45820
86.475978	58.47500
86.531642	58.48690
86.604329	58.48690
86.621601	58.52550
86.712293	58.51300
86.718819	58.55910
86.785215	58.56340
86.791761	58.60940
86.901159	58.58390
86.930605	58.61390
87.012367	58.60750
87.056764	58.62710
87.132994	58.62460
87.155791	58.65910
87.219354	58.66530
87.253457	58.69190
87.364143	58.66550
87.378986	58.70540
87.457592	58.70120
87.513970	58.71230
87.549888	58.73760
87.658482	58.71270
87.664423	58.75860
87.747244	58.75140
87.753550	58.79700
87.853973	58.77770
87.860359	58.82320
87.957545	58.80610
87.975874	58.84330
88.079024	58.82210
88.101575	58.85630
88.168393	58.86010
88.174174	58.90580
88.235440	58.91340
88.276418	58.93490
88.288746	58.97600
88.368048	58.97110
88.432512	58.97640
88.490489	58.98620
88.507910	59.02370
88.545948	59.04710
88.604550	59.05640
88.653597	59.07210
88.702748	59.08780
88.762371	59.09630
88.848727	59.08650
88.863057	59.12600
88.902336	59.14840
88.914604	59.18930
89.030814	59.15900
89.045044	59.19850
89.107748	59.20470
89.193146	59.19550
89.205434	59.23620
89.292646	59.22570
89.336791	59.24470
89.400596	59.25010
89.424668	59.28270
89.470274	59.30060
89.521257	59.31470
89.577646	59.32520
89.641498	59.33060
89.691934	59.34510
89.698440	59.38950
89.758672	59.39730
89.807126	59.41310
89.906377	59.39430
89.912783	59.43870
90.031389	59.40670
90.049807	59.44290
90.109169	59.45120
90.153740	59.46950
90.205690	59.48280
90.270387	59.48750
90.314639	59.50600
90.365557	59.51990
90.394840	59.54850
90.440997	59.56570
90.453665	59.60550
90.513959	59.61300
90.590338	59.60970
90.649702	59.61780
90.661157	59.65840
90.718803	59.66760
90.740350	59.70130
90.792231	59.71450
90.813223	59.74850
90.875754	59.75440
90.912947	59.77740
90.957024	59.79570
91.013769	59.80550
91.052936	59.82710
91.132549	59.82140
91.151166	59.85680
91.232028	59.85020
91.270219	59.87250
91.289186	59.90760
91.359771	59.90790
91.426196	59.91100
91.463466	59.93380
91.521353	59.94260
91.551520	59.97010
91.636289	59.96090
91.666979	59.98800
91.752550	59.97810
91.792712	59.99880
91.846152	60.01060
91.884621	60.03240
91.938539	60.04380
91.948160	60.08490
92.015260	60.08740
92.068024	60.09960
92.115239	60.11540
92.161459	60.13190
92.207193	60.14870
92.284629	60.14420
92.349741	60.14800
92.356348	60.19100
92.415492	60.19870
92.449759	60.22310
92.516098	60.22600
92.528522	60.26500
92.639107	60.23830
92.649781	60.27840
92.776451	60.24090
92.782717	60.28390
92.891950	60.25810
92.924822	60.28330
93.030896	60.25970
93.043102	60.29860
93.119809	60.29450
93.162528	60.31300
93.187093	60.34360
93.270434	60.33510
93.317330	60.35080
93.335145	60.38590
93.401276	60.38880
93.437568	60.41150
93.467281	60.43860
93.512140	60.45550
93.605017	60.44060
93.611263	60.48320
93.666789	60.49310
93.681345	60.53010
93.753092	60.52920
93.765256	60.56770
93.830710	60.57090
93.882996	60.58290
93.952939	60.58310
94.024593	60.58210
94.081068	60.59130
94.138243	60.59990
94.153943	60.63600
94.207335	60.64710
94.244271	60.66910
94.308992	60.67270
94.320389	60.71150
94.447051	60.67410
94.465329	60.70840
94.500535	60.73140
94.521174	60.76410
94.635569	60.73480
94.662315	60.76340
94.778803	60.73280
94.805707	60.76120
94.872986	60.76300
94.891080	60.79720
94.942085	60.80970
94.994525	60.82130
95.059058	60.82480
95.101894	60.84270
95.176823	60.83940
95.185896	60.87940
95.268838	60.87080
95.324923	60.87990
95.406862	60.87200
95.462352	60.88150
95.468537	60.92320
95.592912	60.88750
95.603210	60.92650
95.710762	60.90190
95.716623	60.94370
95.787612	60.94300
95.794839	60.98390
95.895294	60.96390
95.912247	60.99840
95.999480	60.98700
96.032329	61.01110
96.098213	61.01360
96.110809	61.05090
96.222583	61.02350
96.235232	61.06070
96.310238	61.05720
96.362368	61.06860
96.368509	61.11000
96.461204	61.09500
96.505550	61.11150
96.559694	61.12150
96.588048	61.14840
96.657636	61.14840
96.689154	61.17310
96.724363	61.19540
96.821182	61.17770
96.845612	61.20700
96.926900	61.19940
96.933166	61.24040
97.006290	61.23810
97.040915	61.26070
97.123330	61.25230
97.132403	61.29140
97.183506	61.30330
97.189952	61.34410
97.293700	61.32190
97.321520	61.34880
97.360778	61.36830
97.454181	61.35270
97.502802	61.36610
97.509248	61.40680
97.615228	61.38310
97.649789	61.40550
97.717101	61.40680
97.751993	61.42900
97.797088	61.44460
97.808805	61.48170
97.864054	61.49070
97.947389	61.48160
97.962425	61.51660
98.078557	61.48630
98.094079	61.52090
98.167302	61.51830
98.195309	61.54480
98.268260	61.54230
98.278304	61.58030
98.382813	61.55760
98.396812	61.59300
98.479461	61.58430
98.495597	61.61830
98.555099	61.62450
98.599752	61.64010
98.655519	61.64860
98.680853	61.67670
98.736034	61.68550
98.747998	61.72210
98.870676	61.68770
98.876817	61.72790
98.923956	61.74190
98.994855	61.74060
99.000656	61.78100
99.068746	61.78160
99.075471	61.82130
99.122961	61.83500
99.176003	61.84510
99.182409	61.88510
99.273775	61.87060
99.279597	61.91090
99.337959	61.91750
99.410754	61.91490
99.460726	61.92690
99.514434	61.93650
99.554277	61.95500
99.641395	61.94320
99.687146	61.95780
99.714598	61.98410
99.768403	61.99360
99.859258	61.97950
99.865563	62.01920
99.956387	62.00510
99.998667	62.02180
100.014548	62.05540
100.090996	62.05040
100.107379	62.08360
100.163884	62.09130
100.170350	62.13070
