2.700721	29.57980
2.829484	31.22010
2.900605	37.14150
2.993968	38.94510
3.133869	36.87850
3.226522	38.13150
3.324800	38.79360
3.459838	37.70550
3.516247	39.92460
3.570657	41.97990
3.643000	43.10230
3.727016	43.64470
3.820297	43.79090
3.964609	42.32510
4.110001	41.10320
4.254884	40.10260
4.311572	41.23250
4.449610	40.47400
4.547162	40.62860
4.664959	40.37720
4.741134	40.91750
4.856718	40.71170
4.923843	41.35520
4.981083	42.13440
5.067057	42.38680
5.212321	41.67080
5.305817	41.80170
5.410065	41.76610
5.501928	41.90840
5.637605	41.44420
5.695072	42.04150
5.792737	42.08790
5.844630	42.71800
5.943315	42.73000
6.062665	42.48930
6.202458	42.02740
6.256420	42.56480
6.357050	42.55760
6.434771	42.80220
6.487745	43.30810
6.582619	43.34460
6.637874	43.80060
6.721240	43.94580
6.848974	43.62960
6.982904	43.27090
7.085194	43.23340
7.227474	42.82760
7.308813	42.99010
7.457246	42.55650
7.593472	42.25050
7.676172	42.39930
7.770928	42.44500
7.847786	42.63280
7.956503	42.56270
8.032112	42.75220
8.131103	42.75650
8.229997	42.76140
8.340311	42.68160
8.433622	42.72810
8.515967	42.85190
8.591343	43.02190
8.650228	43.30460
8.707637	43.59240
8.815528	43.52090
8.895333	43.64440
9.020719	43.45620
9.106717	43.53550
9.206619	43.52140
9.346864	43.24930
9.405187	43.50250
9.526459	43.35620
9.656261	43.16300
9.775654	43.03860
9.879544	43.00920
9.944705	43.20600
10.090563	42.93440
10.209166	42.82510
10.305748	42.84060
10.382787	42.96270
10.470077	43.02660
10.579285	42.97140
10.640380	43.17320
10.714385	43.30320
10.808675	43.32420
10.890028	43.41190
10.944445	43.63770
11.045450	43.61990
11.124888	43.71220
11.175805	43.94770
11.324116	43.68970
11.407548	43.75880
11.550016	43.53880
11.685412	43.35920
11.752990	43.50340
11.883676	43.35020
11.949829	43.49800
12.015472	43.64610
12.143981	43.50490
12.274804	43.35720
12.362957	43.40150
12.453993	43.43230
12.552304	43.43090
12.690413	43.25900
12.748558	43.42980
12.863723	43.35740
12.935005	43.46970
13.083699	43.26000
13.186191	43.24330
13.244136	43.40700
13.317744	43.50560
13.389732	43.60940
13.475904	43.65500
13.597005	43.56170
13.689180	43.58330
13.776007	43.62530
13.848410	43.72250
13.962384	43.65880
14.051260	43.69150
14.164086	43.63340
14.251484	43.67130
14.359400	43.63260
14.448837	43.66230
14.586419	43.51670
14.688784	43.50040
14.797182	43.46280
14.871546	43.54600
15.014784	43.38690
15.099983	43.43150
15.198870	43.42850
15.270514	43.51850
15.338837	43.61880
15.416152	43.68760
15.550521	43.56330
15.616488	43.66920
15.670298	43.81450
15.767915	43.81290
15.891081	43.72740
16.022405	43.61700
16.137470	43.56090
16.262046	43.47540
16.341559	43.53340
16.479068	43.40910
16.595843	43.35120
16.722676	43.26350
16.802009	43.32140
16.873948	43.40090
16.970744	43.40480
17.062484	43.42360
17.136114	43.49630
17.188726	43.63070
17.294097	43.60760
17.411303	43.55000
17.492382	43.59850
17.563697	43.67500
17.657948	43.68420
17.744964	43.71420
17.814520	43.79380
17.880690	43.88240
18.026204	43.74480
18.087494	43.84620
18.181782	43.85400
18.244216	43.95080
18.352611	43.91860
18.453260	43.90820
18.569108	43.85640
18.683921	43.80800
18.753905	43.88150
18.889895	43.77670
19.024864	43.67640
19.152707	43.59640
19.263546	43.56190
19.354403	43.57970
19.438049	43.61580
19.558965	43.55600
19.650139	43.57260
19.794111	43.45560
19.893355	43.45230
20.037579	43.33730
20.151096	43.29960
20.231030	43.34460
20.340198	43.31780
20.437768	43.31940
20.490922	43.42840
20.581662	43.44590
20.675780	43.45510
20.728726	43.56270
20.851958	43.50190
20.978122	43.43500
21.116225	43.34110
21.215960	43.33750
21.273947	43.43060
21.378856	43.41470
21.505969	43.34810
21.636936	43.27360
21.762784	43.21160
21.857321	43.22050
21.913712	43.31440
21.995610	43.35090
22.129595	43.27160
22.219095	43.29110
22.285508	43.36110
22.424415	43.27210
22.512828	43.29370
22.617029	43.28090
22.720018	43.27100
22.851414	43.20050
22.910682	43.28380
23.059481	43.17730
23.190522	43.10930
23.317192	43.05130
23.404117	43.07590
23.514343	43.05250
23.656002	42.96510
23.743189	42.98920
23.826209	43.02150
23.956617	42.95820
24.058754	42.95210
24.152589	42.96250
24.289266	42.88820
24.366502	42.93140
24.496526	42.87100
24.548492	42.96320
24.649288	42.95980
24.765294	42.92710
24.888788	42.88030
25.016449	42.82600
25.103926	42.84860
25.169588	42.91240
25.304501	42.84500
25.416049	42.82210
25.509067	42.83400
25.642941	42.77000
25.735868	42.78210
25.839969	42.77360
25.977682	42.70380
26.050731	42.75220
26.183495	42.69210
26.313011	42.63850
26.452541	42.56770
26.568296	42.53970
26.675238	42.52750
26.779342	42.52050
26.913418	42.46110
26.986584	42.50820
27.131224	42.43120
27.257340	42.38680
27.385177	42.34000
27.462840	42.37890
27.573533	42.36150
27.652142	42.39840
27.771721	42.36610
27.834705	42.42890
27.927320	42.44180
28.026543	42.44350
28.162721	42.38400
28.297895	42.32680
28.386902	42.34570
28.523629	42.28660
28.634491	42.27010
28.732107	42.27500
28.834718	42.27190
28.950466	42.24780
29.061419	42.23150
29.120507	42.29780
29.236192	42.27390
29.313774	42.31040
29.462093	42.23530
29.551256	42.25350
29.608782	42.32100
29.680239	42.36640
29.800774	42.33510
29.900088	42.33700
30.044008	42.27020
30.182171	42.21290
30.283700	42.21180
30.426540	42.14810
30.521066	42.15790
30.606908	42.18060
30.677974	42.22530
30.783292	42.21860
30.917791	42.16840
30.993172	42.20630
31.141608	42.13600
31.248311	42.12760
31.334015	42.15010
31.454360	42.12180
31.596255	42.06260
31.647941	42.13410
31.737403	42.15080
31.880793	42.08980
31.986092	42.08380
32.036878	42.15570
32.174881	42.10300
32.240905	42.15270
32.341198	42.15370
32.402031	42.21030
32.508392	42.20260
32.619449	42.18820
32.760665	42.13190
32.829203	42.17710
32.878760	42.24850
32.956694	42.28020
33.056511	42.28140
33.122350	42.32950
33.242750	42.30210
33.372932	42.26160
33.488952	42.24060
33.570531	42.26680
33.647269	42.29930
33.739447	42.31080
33.803101	42.36080
33.885765	42.38490
34.003655	42.36130
34.072271	42.40410
34.207812	42.35700
34.269437	42.40890
34.371524	42.40660
34.477093	42.39970
34.615367	42.34950
34.741223	42.31620
34.793747	42.37930
34.941744	42.31700
35.065609	42.28670
35.123335	42.34240
35.233739	42.32960
35.352629	42.30590
35.468745	42.28600
35.567752	42.28810
35.649268	42.31250
35.765822	42.29220
35.912793	42.23340
35.987767	42.26600
36.088266	42.26630
36.219256	42.22820
36.292482	42.26270
36.435465	42.21000
36.506194	42.24740
36.587499	42.27150
36.697448	42.26010
36.763530	42.30280
36.820639	42.35650
36.891888	42.39260
37.037738	42.33670
37.149649	42.32280
37.244008	42.33030
37.311967	42.37000
37.457322	42.31550
37.545242	42.33080
37.684486	42.28420
37.738142	42.34070
37.805338	42.38070
37.884882	42.40570
37.953090	42.44430
38.076166	42.41700
38.225320	42.35900
38.345299	42.33590
38.479014	42.29680
38.574111	42.30330
38.625573	42.36090
38.709963	42.37970
38.787660	42.40630
38.907699	42.38340
38.964870	42.43370
39.016622	42.49020
39.117783	42.48910
39.233421	42.47110
39.331658	42.47340
39.429199	42.47650
39.575830	42.42320
39.652993	42.44970
39.744732	42.45940
39.835224	42.47050
39.951877	42.45180
40.068046	42.43380
40.151129	42.45330
40.241807	42.46400
40.294030	42.51810
40.361834	42.55440
40.419182	42.60230
40.479888	42.64640
40.601127	42.62230
40.696347	42.62750
40.786966	42.63780
40.847842	42.68110
40.930162	42.70050
41.052552	42.67530
41.140741	42.68810
41.274371	42.65070
41.365136	42.66060
41.449570	42.67740
41.542827	42.68450
41.606326	42.72400
41.717009	42.71200
41.825411	42.70240
41.932418	42.69450
42.037948	42.68820
42.132632	42.69360
42.205923	42.72200
42.336873	42.68830
42.428195	42.69730
42.559407	42.66370
42.611956	42.71390
42.718598	42.70650
42.814649	42.71030
42.867172	42.76030
42.977203	42.74910
43.054739	42.77240
43.177325	42.74810
43.289235	42.73510
43.378361	42.74610
43.441316	42.78440
43.522205	42.80380
43.597558	42.82890
43.712268	42.81290
43.850365	42.77280
43.924482	42.79910
43.977827	42.84670
44.094918	42.82840
44.150962	42.87300
44.211868	42.91250
44.319129	42.90420
44.380840	42.94260
44.527947	42.89350
44.611349	42.90960
44.720775	42.89920
44.807795	42.91160
44.860607	42.95860
44.914714	43.00420
45.008631	43.00940
45.108651	43.00830
45.163884	43.05240
45.286971	43.02800
45.394931	43.01890
45.504689	43.00810
45.564444	43.04730
45.694941	43.01570
45.763218	43.04620
45.890839	43.01770
45.971851	43.03540
46.027054	43.07870
46.162395	43.04260
46.241491	43.06210
46.328459	43.07380
46.384397	43.11590
46.467038	43.13170
46.557916	43.13930
46.697046	43.09980
46.765927	43.12890
46.905469	43.08910
46.983037	43.10970
47.090429	43.10130
47.195826	43.09490
47.247202	43.14060
47.346558	43.13990
47.450099	43.13520
47.563613	43.12100
47.636159	43.14600
47.750673	43.13080
47.839140	43.14060
47.983883	43.09680
48.055906	43.12210
48.139002	43.13690
48.230177	43.14390
48.360819	43.11380
48.417013	43.15380
48.539743	43.13120
48.619837	43.14860
48.730108	43.13770
48.806557	43.15840
48.891325	43.17130
48.976356	43.18390
49.122677	43.13960
49.204803	43.15490
49.264014	43.19130
49.388528	43.16740
49.482943	43.17120
49.571354	43.18050
49.686022	43.16580
49.810481	43.14220
49.931106	43.12210
50.015650	43.13500
50.135573	43.11570
50.280793	43.07370
50.393794	43.06090
50.506195	43.04880
50.638126	43.01910
50.784314	42.97700
50.868048	42.99060
50.941895	43.01300
51.009952	43.04040
51.104603	43.04410
51.176480	43.06800
51.242250	43.09730
51.298400	43.13490
51.436941	43.09970
51.579729	43.06100
51.654138	43.08250
51.749649	43.08530
51.829289	43.10210
51.925874	43.10390
51.978056	43.14450
52.039516	43.17700
52.163817	43.15460
52.250847	43.16460
52.340431	43.17250
52.460378	43.15400
52.555160	43.15730
52.678430	43.13610
52.809308	43.10840
52.896015	43.11870
53.021834	43.09550
53.142693	43.07670
53.269186	43.05320
53.360058	43.05990
53.437666	43.07790
53.565907	43.05310
53.642721	43.07160
53.788613	43.03200
53.849721	43.06380
53.905511	43.09980
54.000532	43.10300
54.144842	43.06490
54.250200	43.05950
54.323599	43.08060
54.441697	43.06460
54.565078	43.04430
54.681776	43.02950
54.759969	43.04660
54.832190	43.06860
54.948254	43.05440
55.003771	43.09000
55.061921	43.12330
55.150282	43.13180
55.239634	43.13940
55.320370	43.15400
55.415040	43.15730
55.548678	43.12880
55.690568	43.09370
55.788949	43.09400
55.875190	43.10410
55.997447	43.08510
56.048599	43.12350
56.189386	43.08970
56.330625	43.05560
56.350285	43.11900
56.473639	43.09930
56.479821	43.17330
56.555324	43.19170
56.593045	43.24030
56.626345	43.29240
56.689566	43.32050
56.767732	43.33650
56.808355	43.38250
56.903097	43.38520
56.915145	43.45390
56.991241	43.47130
57.024760	43.52270
57.081526	43.55550
57.122662	43.60060
57.165600	43.64430
57.236768	43.66530
57.265104	43.72050
57.311516	43.76120
57.361862	43.79860
57.384816	43.85790
57.462459	43.87340
57.528406	43.89820
57.534408	43.97080
57.624519	43.97610
57.659511	44.02550
57.697199	44.07250
57.748658	44.10860
57.765686	44.17210
57.816982	44.20810
57.860019	44.25060
57.868097	44.32110
57.959278	44.32500
57.979973	44.38520
58.031664	44.42060
58.041876	44.48910
58.110044	44.51110
58.130756	44.57110
58.211225	44.58320
58.263921	44.61740
58.340333	44.63260
58.396612	44.66380
58.411064	44.72840
58.493917	44.73830
58.540897	44.77670
58.590717	44.81290
58.657117	44.83570
58.694314	44.88180
58.797499	44.87510
58.810267	44.94060
58.882606	44.95850
58.912429	45.01020
58.970348	45.03940
58.987375	45.10130
59.066882	45.11310
59.084420	45.17440
59.166705	45.18390
59.206032	45.22770
59.252891	45.26540
59.344440	45.26730
59.359087	45.33060
59.415705	45.36030
59.447270	45.41000
59.506862	45.43720
59.539428	45.48590
59.642695	45.47820
59.655716	45.54230
59.758526	45.53490
59.780780	45.59150
59.832191	45.62490
59.899955	45.64520
59.905957	45.71470
59.966157	45.74090
60.006931	45.78250
60.078747	45.79930
60.119251	45.84100
60.164134	45.87920
60.229594	45.90090
60.238552	45.96760
60.349405	45.95300
60.370262	46.01010
60.426555	46.03890
60.464237	46.08240
60.504490	46.12380
60.564274	46.14970
60.611741	46.18520
60.655425	46.22380
60.707483	46.25560
60.736223	46.30590
60.763749	46.35710
60.825549	46.38100
60.846181	46.43760
60.942888	46.43360
60.960647	46.49230
61.054880	46.49020
61.097814	46.52880
61.157401	46.55410
61.179280	46.60930
61.216184	46.65250
61.253168	46.69570
61.308084	46.72450
61.387952	46.73340
61.456722	46.75110
61.481399	46.80370
61.559433	46.81390
61.613964	46.84280
61.672823	46.86810
61.720794	46.90210
61.726836	46.96920
61.802049	46.98140
61.843552	47.02030
61.872259	47.06930
61.941000	47.08650
62.010085	47.10340
62.079024	47.12030
62.089191	47.18380
62.156197	47.20210
62.213355	47.22820
62.261384	47.26150
62.329966	47.27850
62.342892	47.33950
62.438069	47.33530
62.457085	47.39130
62.509695	47.42070
62.599729	47.42050
62.605871	47.48650
62.669951	47.50670
62.683321	47.56690
62.752452	47.58300
62.818591	47.60140
62.850170	47.64710
62.937110	47.64890
62.964082	47.69810
62.990382	47.74780
63.041971	47.77740
63.053112	47.83900
63.100306	47.87200
63.134708	47.91510
63.164073	47.96210
63.215208	47.99180
63.298406	47.99610
63.329657	48.04150
63.349813	48.09560
63.411043	48.11710
63.450390	48.15590
63.467779	48.21200
63.582813	48.19090
63.595281	48.25080
63.640738	48.28450
63.656851	48.34150
63.767639	48.32350
63.780248	48.38310
63.835934	48.40850
63.911514	48.41830
63.955552	48.45290
63.996067	48.49020
64.044017	48.52160
64.075215	48.56620
64.185942	48.54800
64.221211	48.58920
64.307209	48.59050
64.314621	48.65360
64.422911	48.63720
64.450136	48.68460
64.560028	48.66690
64.571318	48.72670
64.621189	48.75610
64.637204	48.81210
64.693145	48.83660
64.699027	48.90050
64.782940	48.90300
64.831836	48.93290
64.910423	48.93950
64.927804	48.99410
65.002608	49.00350
65.046230	49.03740
65.082592	49.07700
65.127740	49.10960
65.147390	49.16220
65.204016	49.18570
65.225074	49.23710
65.278609	49.26290
65.284891	49.32580
65.391473	49.30990
65.405529	49.36660
65.523184	49.34190
65.532288	49.40240
65.630276	49.39310
65.636258	49.45590
65.697443	49.47540
65.759305	49.49430
65.832795	49.50400
65.845647	49.56120
65.929992	49.56240
65.969683	49.59850
66.030686	49.61790
66.092283	49.63680
66.104971	49.69390
66.157570	49.71970
66.163833	49.78170
66.237596	49.79090
66.306520	49.80380
66.337575	49.84630
66.388211	49.87340
66.403072	49.92850
66.454066	49.95520
66.478561	50.00270
66.573608	49.99490
66.590852	50.04790
66.650765	50.06750
66.716872	50.08230
66.745130	50.12650
66.839324	50.11930
66.845508	50.18070
66.932526	50.17890
66.938349	50.24050
66.997760	50.26020
67.066599	50.27260
67.072861	50.33370
67.148440	50.34070
67.214520	50.35500
67.238021	50.40250
67.337379	50.39090
67.364092	50.43580
67.427173	50.45240
67.479927	50.47700
67.557720	50.48200
67.594546	50.51890
67.646240	50.54410
67.659288	50.59940
67.752228	50.59250
67.774101	50.64080
67.826615	50.66530
67.844827	50.71630
67.912472	50.72900
67.974980	50.74560
68.017413	50.77770
68.109998	50.77090
68.121800	50.82670
68.189834	50.83880
68.224809	50.87660
68.275584	50.90200
68.300891	50.94710
68.334517	50.98580
68.431546	50.97530
68.463566	51.01510
68.499737	51.05170
68.519813	51.10070
68.570204	51.12610
68.604220	51.16420
68.702412	51.15260
68.734030	51.19250
68.757851	51.23840
68.838796	51.24000
68.863911	51.28480
68.959540	51.27500
68.965868	51.33420
69.022250	51.35470
69.043576	51.40230
69.165917	51.37170
69.172259	51.43070
69.273132	51.41680
69.317626	51.44620
69.330114	51.50040
69.394830	51.51420
69.407358	51.56820
69.462887	51.58900
69.524608	51.60500
69.603762	51.60760
69.610104	51.66610
69.674519	51.68000
69.736816	51.69540
69.796519	51.71280
69.810457	51.76540
69.926110	51.73970
69.950777	51.78390
70.046982	51.77310
70.099995	51.79550
70.151967	51.81860
70.164255	51.87220
70.249598	51.86970
70.278163	51.91060
70.379310	51.89600
70.391698	51.94920
70.435902	51.97810
70.471396	52.01360
70.559988	52.00840
70.575077	52.05940
70.630623	52.07950
70.710048	52.08120
70.756677	52.10800
70.763019	52.16560
70.867948	52.14780
70.873870	52.20550
70.933770	52.22210
70.981342	52.24790
71.065231	52.24610
71.099893	52.28180
71.143079	52.31090
71.171156	52.35150
71.244490	52.35760
71.257318	52.40980
71.295350	52.44270
71.368589	52.44870
71.382294	52.50010
71.450129	52.51020
71.499205	52.53450
71.591467	52.52600
71.603936	52.57810
71.703197	52.56420
71.709199	52.62120
71.833305	52.58840
71.840243	52.64450
71.907891	52.65450
71.922923	52.70450
72.027067	52.68670
72.071154	52.71460
72.148239	52.71730
72.165862	52.76510
72.209397	52.79320
72.233195	52.83630
72.269559	52.86980
72.292107	52.91370
72.329872	52.94610
72.417856	52.94030
72.430540	52.99160
72.479779	53.01520
72.572473	53.00580
72.622133	53.02890
72.694259	53.03510
72.711361	53.08280
72.771973	53.09760
72.813028	53.12720
72.895517	53.12540
72.921929	53.16590
73.002650	53.16540
73.039254	53.19820
73.135136	53.18620
73.178200	53.21400
73.237030	53.23000
73.301002	53.24200
73.331586	53.27910
73.352000	53.32390
73.414346	53.33700
73.426595	53.38790
73.499721	53.39280
73.533223	53.42760
73.602123	53.43570
73.621674	53.48090
73.684305	53.49360
73.750189	53.50390
73.808117	53.52010
73.824424	53.56760
73.888087	53.57940
73.944808	53.59650
74.005331	53.61060
74.084112	53.61110
74.125127	53.63980
74.193620	53.64800
74.221770	53.68630
74.286872	53.69690
74.339673	53.71670
74.356998	53.76300
74.427902	53.76920
74.504200	53.77130
74.549931	53.79630
74.569833	53.84050
74.689184	53.81040
74.711095	53.85310
74.751783	53.88170
74.812788	53.89510
74.820924	53.94790
74.916480	53.93550
74.930774	53.98360
75.013131	53.98100
75.042529	54.01780
75.108091	54.02770
75.162499	54.04580
75.235517	54.05010
75.274516	54.07960
75.357431	54.07650
75.372088	54.12400
75.453901	54.12170
75.469258	54.16870
75.602721	54.12800
75.619434	54.17380
75.738658	54.14370
75.765515	54.18200
75.819967	54.19980
75.839473	54.24350
75.959160	54.21300
75.986337	54.25090
76.058906	54.25520
76.064828	54.30880
76.164399	54.29310
76.195699	54.32780
76.255554	54.34150
76.299728	54.36660
76.384815	54.36160
76.425624	54.38920
76.496019	54.39500
76.510509	54.44190
76.638356	54.40540
76.644698	54.45820
76.712294	54.46590
76.781606	54.47240
76.855756	54.47530
76.902892	54.49800
76.968250	54.50730
76.993124	54.54630
77.060931	54.55380
77.124185	54.56460
77.130203	54.61720
77.214314	54.61270
77.247679	54.64530
77.290205	54.67120
77.390878	54.65450
77.431870	54.68140
77.513081	54.67890
77.548816	54.70960
77.634717	54.70370
77.656541	54.74450
77.753198	54.73070
77.782407	54.76610
77.873653	54.75620
77.928159	54.77310
77.979901	54.79190
77.992169	54.83940
78.082572	54.83020
78.088354	54.88230
78.136985	54.90330
78.185379	54.92450
78.191301	54.97640
78.290007	54.96100
78.296688	55.01230
78.379746	55.00820
78.430716	55.02730
78.472041	55.05340
78.551008	55.05220
78.597399	55.07460
78.682250	55.06910
78.720824	55.09710
78.801307	55.09480
78.835750	55.12570
78.932704	55.11140
78.939874	55.16200
79.005170	55.17050
79.065823	55.18240
79.151144	55.17650
79.200747	55.19640
79.284445	55.19160
79.296793	55.23820
79.420228	55.20490
79.426091	55.25600
79.507641	55.25280
79.513903	55.30360
79.572448	55.31680
79.631952	55.32930
79.681285	55.34910
79.697954	55.39230
79.735583	55.42040
79.830876	55.40720
79.856989	55.44350
79.938381	55.44020
79.953923	55.48410
80.032498	55.48270
80.074658	55.50740
80.107895	55.53850
80.130117	55.57750
80.188898	55.59020
80.254063	55.59840
80.290370	55.62720
80.397345	55.60540
80.418286	55.64510
80.490906	55.64790
80.510895	55.68820
80.620217	55.66470
80.632685	55.71030
80.704517	55.71360
80.751564	55.73450
80.784354	55.76550
80.872410	55.75720
80.893768	55.79630
80.925883	55.82780
80.989688	55.83660
81.026131	55.86490
81.059146	55.89560
81.078754	55.93590
81.154694	55.93600
81.214787	55.94740
81.237381	55.98540
81.313750	55.98510
81.350842	56.01280
81.381914	56.04470
81.446459	56.05280
81.470267	56.08980
81.579200	56.06640
81.591688	56.11130
81.685567	56.09860
81.693988	56.14640
81.743327	56.16510
81.772750	56.19800
81.807433	56.22710
81.840046	56.25770
81.954453	56.23020
81.986475	56.26110
82.099100	56.23500
82.105646	56.28380
82.158142	56.30020
82.220230	56.30970
82.252716	56.34020
82.350385	56.32460
82.363153	56.36890
82.438654	56.36890
82.476429	56.39550
82.530053	56.41090
82.576497	56.43130
82.626364	56.44930
82.683001	56.46260
82.700732	56.50320
82.741422	56.52760
82.849954	56.50420
82.867486	56.54480
82.947710	56.54130
82.978680	56.57250
83.040220	56.58210
83.052016	56.62670
83.150291	56.61050
83.171482	56.64840
83.224630	56.66380
83.230876	56.71220
83.280080	56.73030
83.373401	56.71750
83.407115	56.74650
83.459178	56.76260
83.512683	56.77760
83.519009	56.82570
83.611031	56.81370
83.646623	56.84130
83.734620	56.83210
83.776530	56.85520
83.818617	56.87810
83.879492	56.88790
83.941560	56.89680
83.960284	56.93600
84.082391	56.90290
84.088577	56.95080
84.190915	56.93150
84.197602	56.97900
84.293018	56.96450
84.319587	56.99810
84.382487	57.00630
84.430743	57.02470
84.488340	57.03650
84.560426	57.03830
84.631742	57.04060
84.703526	57.04250
84.709548	57.09020
84.793926	57.08330
84.834255	57.10710
84.861172	57.14010
84.925325	57.14730
84.962908	57.17290
85.003867	57.19610
85.075608	57.19790
85.124723	57.21550
85.184675	57.22550
85.198043	57.26770
85.280844	57.26180
85.312307	57.29150
85.345156	57.32020
85.382735	57.34550
85.461542	57.34240
85.467869	57.38930
85.521456	57.40360
85.529668	57.44920
85.587037	57.46070
85.599464	57.50340
85.682123	57.49740
85.688489	57.54420
85.820182	57.50430
85.833253	57.54640
85.873666	57.56950
85.889099	57.61000
86.008700	57.57840
86.030240	57.61450
86.151934	57.58160
86.173631	57.61750
86.240911	57.62210
86.264211	57.65690
86.315736	57.67220
86.362349	57.69090
86.435780	57.69110
86.508365	57.69200
86.534707	57.72450
86.587036	57.73920
86.603299	57.77870
86.658928	57.79110
86.718543	57.80070
86.789348	57.80270
86.814612	57.83590
86.907337	57.82270
86.919376	57.86490
86.984049	57.87100
87.045797	57.87910
87.092210	57.89770
87.105267	57.93910
87.158839	57.95270
87.234254	57.95130
87.240820	57.99710
87.340608	57.97900
87.353215	58.02060
87.446404	58.00700
87.498060	58.02190
87.556115	58.03230
87.575247	58.06930
87.639475	58.07550
87.657142	58.11340
87.724442	58.11750
87.758965	58.14390
87.840201	58.13840
87.891172	58.15360
87.952702	58.16150
87.996870	58.18130
88.050626	58.19450
88.076380	58.22670
88.129197	58.24050
88.193160	58.24670
88.229662	58.27150
88.253217	58.30520
88.336544	58.29820
88.363790	58.32930
88.430389	58.33360
88.483480	58.34710
88.497075	58.38740
88.550705	58.40040
88.602734	58.41460
88.671410	58.41740
88.697971	58.44880
88.770084	58.44930
88.816637	58.46710
88.858605	58.48800
88.945486	58.47840
88.986931	58.49960
89.081193	58.48510
89.131141	58.50050
89.211496	58.49540
89.217802	58.54020
89.276204	58.54990
89.311425	58.57520
89.354201	58.59530
89.384276	58.62400
89.492281	58.60020
89.533906	58.62110
89.608875	58.61950
89.621463	58.65990
89.711039	58.64840
89.739555	58.67810
89.803159	58.68410
89.815767	58.72440
89.862779	58.74150
89.903033	58.76310
89.966210	58.76940
90.031692	58.77400
90.089613	58.78370
90.118171	58.81320
90.169097	58.82760
90.225547	58.83820
90.256091	58.86630
90.278802	58.89950
90.349295	58.90070
90.388501	58.92290
90.458448	58.92440
90.528551	58.92590
90.537872	58.96800
90.581024	58.98740
90.633584	59.00050
90.642453	59.04290
90.723154	59.03720
90.786261	59.04320
90.847161	59.05060
90.922424	59.04850
90.980374	59.05790
91.051875	59.05830
91.127363	59.05600
91.155001	59.08560
91.216754	59.09250
91.222900	59.13640
91.288892	59.14040
91.321180	59.16680
91.344587	59.19920
91.414857	59.20020
91.462424	59.21640
91.525133	59.22250
91.563283	59.24500
91.623249	59.25290
91.668058	59.27080
91.765484	59.25380
91.800373	59.27830
91.824489	59.31000
91.898284	59.30860
91.971915	59.30740
91.978081	59.35090
92.050963	59.35010
92.089454	59.37220
92.200434	59.34610
92.239459	59.36780
92.336902	59.35070
92.343628	59.39370
92.437393	59.37910
92.443639	59.42230
92.495177	59.43560
92.561168	59.43930
92.568482	59.48170
92.615451	59.49800
92.693599	59.49360
92.745280	59.50670
92.756143	59.54670
92.820446	59.55140
92.865748	59.56870
92.893998	59.59720
92.993959	59.57840
93.030061	59.60160
93.069887	59.62240
93.152667	59.61490
93.175653	59.64680
93.212508	59.66950
93.274323	59.67570
93.322206	59.69110
93.375357	59.70310
93.408639	59.72800
93.514031	59.70560
93.553943	59.72620
93.623446	59.72740
93.660376	59.74990
93.707204	59.76590
93.775990	59.76740
93.803637	59.79600
93.826535	59.82760
93.931021	59.80580
93.974016	59.82420
93.998228	59.85490
94.039763	59.87430
94.092922	59.88600
94.145993	59.89770
94.152359	59.94000
94.218514	59.94320
94.239791	59.97570
94.294641	59.98630
94.307830	60.02400
94.361009	60.03560
94.380275	60.06940
94.447400	60.07180
94.483959	60.09420
94.529295	60.11090
94.560742	60.13660
94.670395	60.11120
94.708282	60.13270
94.777405	60.13370
94.783287	60.17610
94.895705	60.14890
94.902291	60.19070
94.982659	60.18440
95.027083	60.20150
95.040692	60.23870
95.120070	60.23300
95.184827	60.23680
95.218938	60.26060
95.274468	60.27040
95.287109	60.30810
95.339545	60.31990
95.375947	60.34210
95.393909	60.37620
95.489311	60.36000
95.516928	60.38790
95.600558	60.37940
95.655335	60.38950
95.667118	60.42760
95.734569	60.42950
95.746252	60.46760
95.803412	60.47620
95.852777	60.48980
95.860120	60.53070
95.907819	60.54540
95.958815	60.55790
95.967483	60.59780
96.063000	60.58140
96.095811	60.60570
96.206532	60.57950
96.231103	60.60900
96.272176	60.62790
96.310946	60.64820
96.412315	60.62800
96.419001	60.66900
96.519325	60.64960
96.535833	60.68420
96.586753	60.69660
96.628835	60.71470
96.655515	60.74270
96.750277	60.72680
96.756543	60.76790
96.832975	60.76380
96.893821	60.76970
96.900123	60.81080
97.033694	60.76980
97.039636	60.81110
97.133916	60.79550
97.152480	60.82850
97.192512	60.84780
97.238694	60.86300
97.286390	60.87730
97.350025	60.88130
97.356251	60.92220
97.422415	60.92460
97.494936	60.92290
97.505047	60.96120
97.561612	60.96970
97.617991	60.97830
97.623832	61.01940
97.679188	61.02860
97.730421	61.04050
97.764851	61.06310
97.807419	61.08050
97.897146	61.06760
97.919995	61.09760
98.000686	61.09060
98.017367	61.12450
98.079772	61.12910
98.125184	61.14460
98.148760	61.17400
98.204941	61.18260
98.229446	61.21140
98.308316	61.20540
98.342851	61.22780
98.431234	61.21580
98.452832	61.24640
98.493228	61.26490
98.582488	61.25230
98.631993	61.26500
98.709790	61.25970
98.722544	61.29590
98.773745	61.30750
98.865755	61.29310
98.893745	61.31950
98.965262	61.31810
99.002692	61.33850
99.073526	61.33750
99.100058	61.36480
99.133575	61.38750
99.181227	61.40130
99.202220	61.43200
99.235177	61.45510
99.317517	61.44680
99.381361	61.45020
99.387947	61.49000
99.498965	61.46350
99.530390	61.48740
99.585155	61.49660
99.675140	61.48340
99.681565	61.52320
99.805199	61.48870
99.820724	61.52270
99.935780	61.49370
99.970568	61.51540
100.009582	61.53450
100.060552	61.54600
100.072062	61.58230
100.187825	61.55290
