#number of packet sent:1394,lost:5
#lost rate of packets:0.003587
0.000000	0.000000
2.696421	0.000000
2.831017	0.000000
2.945884	0.000000
3.089684	0.000000
3.189957	0.000000
3.272721	0.000000
3.383545	0.000000
3.471851	0.000000
3.595815	0.000000
3.726614	0.000000
3.790280	0.000000
3.867677	0.000000
3.960914	0.000000
4.018060	0.000000
4.093214	0.000000
4.226441	0.000000
4.278213	0.000000
4.332245	0.000000
4.391306	0.000000
4.484992	0.000000
4.592738	0.000000
4.660855	0.000000
4.712403	0.000000
4.831094	0.000000
4.884499	0.000000
4.957307	0.000000
5.024403	0.000000
5.086619	0.000000
5.137886	0.000000
5.222918	0.000000
5.296037	0.000000
5.435891	0.000000
5.489946	0.000000
5.612508	0.000000
5.751032	0.000000
5.825066	0.000000
5.883225	0.000000
5.965905	0.000000
6.045712	0.000000
6.150557	0.000000
6.281840	0.000000
6.376856	0.000000
6.505865	0.000000
6.646806	0.000000
6.741569	0.000000
6.872559	0.000000
6.948697	0.000000
7.086572	0.000000
7.183668	0.000000
7.303212	0.000000
7.433122	0.000000
7.511591	0.000000
7.636294	0.000000
7.781740	0.000000
7.863342	0.000000
7.982598	0.000000
8.117410	0.000000
8.187223	0.000000
8.276120	0.000000
8.395087	0.000000
8.452598	0.000000
8.517699	0.000000
8.644757	0.000000
8.755667	0.000000
8.863820	0.000000
8.996166	0.000000
9.115297	0.000000
9.220738	0.000000
9.342520	0.000000
9.474742	0.000000
9.545898	0.000000
9.667753	0.000000
9.791361	0.000000
9.896070	0.000000
10.032769	0.000000
10.140813	0.000000
10.209971	0.000000
10.304466	0.000000
10.360391	0.000000
10.455934	0.000000
10.547489	0.000000
10.654722	0.000000
10.743919	0.000000
10.859865	0.000000
11.000885	0.000000
11.075654	0.000000
11.207399	0.000000
11.280461	0.000000
11.409692	0.000000
11.514266	0.000000
11.622890	0.000000
11.763973	0.000000
11.909917	0.000000
11.985704	0.000000
12.089825	0.000000
12.208853	0.000000
12.327962	0.000000
12.477091	0.000000
12.571314	0.000000
12.674136	0.000000
12.798349	0.000000
12.911116	0.000000
13.051804	0.000000
13.126050	0.000000
13.205124	0.000000
13.298992	0.000000
13.411677	0.000000
13.533970	0.000000
13.632506	0.000000
13.749428	0.000000
13.821102	0.000000
13.882065	0.000000
13.998111	0.000000
14.136807	0.000000
14.270713	0.000000
14.384281	0.000000
14.499768	0.000000
14.552652	0.000000
14.668390	0.000000
14.816682	0.000000
14.915389	0.000000
14.979752	0.000000
15.061814	0.000000
15.174775	0.000000
15.258660	0.000000
15.362692	0.000000
15.433792	0.000000
15.508317	0.000000
15.564381	0.000000
15.638307	0.000000
15.747858	0.000000
15.865148	0.000000
15.928587	0.000000
16.033201	0.000000
16.094362	0.000000
16.202408	0.000000
16.267503	0.000000
16.369663	0.000000
16.497315	0.000000
16.563186	0.000000
16.693729	0.000000
16.791816	0.000000
16.883474	0.000000
17.005981	0.000000
17.120818	0.000000
17.205200	0.000000
17.340958	0.000000
17.429439	0.000000
17.529377	0.000000
17.599282	0.000000
17.721474	0.000000
17.840175	0.000000
17.981493	0.000000
18.120541	0.000000
18.256617	0.000000
18.336561	0.000000
18.484846	0.000000
18.603629	0.000000
18.714038	0.000000
18.800906	0.000000
18.873886	0.000000
18.985299	0.000000
19.061863	0.000000
19.202525	0.000000
19.300787	0.000000
19.398468	0.000000
19.472732	0.000000
19.586582	0.000000
19.641537	0.000000
19.759894	0.000000
19.864884	0.000000
20.012708	0.000000
20.146687	0.000000
20.228457	0.000000
20.318234	0.000000
20.433665	0.000000
20.580260	0.000000
20.701624	0.000000
20.783948	0.000000
20.903907	0.000000
20.965237	0.000000
21.043226	0.000000
21.131388	0.000000
21.257904	0.000000
21.373420	0.000000
21.498435	0.000000
21.614234	0.000000
21.738200	0.000000
21.851245	0.000000
21.955499	0.000000
22.042610	0.000000
22.135032	0.000000
22.283194	0.000000
22.414527	0.000000
22.505993	0.000000
22.600425	0.000000
22.722214	0.000000
22.857651	0.000000
22.946557	0.000000
23.011037	0.000000
23.093453	0.000000
23.195716	0.000000
23.335827	0.000000
23.447978	0.000000
23.531386	0.000000
23.657799	0.000000
23.761160	0.000000
23.875453	0.000000
24.025423	0.000000
24.127107	0.000000
24.275942	0.000000
24.344088	0.000000
24.439973	0.000000
24.581966	0.000000
24.718954	0.000000
24.788377	0.000000
24.898295	0.000000
24.965314	0.000000
25.111745	0.000000
25.238761	0.000000
25.296205	0.000000
25.445599	0.000000
25.584346	0.000000
25.660877	0.000000
25.756360	0.000000
25.874120	0.000000
25.984269	0.000000
26.101243	0.000000
26.210596	0.000000
26.269706	0.000000
26.404697	0.000000
26.547915	0.000000
26.695958	0.000000
26.792009	0.000000
26.932644	0.000000
26.989011	0.000000
27.090794	0.000000
27.162313	0.000000
27.237786	0.000000
27.381131	0.000000
27.513875	0.000000
27.578384	0.000000
27.631014	0.000000
27.694165	0.000000
27.769477	0.000000
27.899497	0.000000
28.002485	0.000000
28.083031	0.000000
28.172865	0.000000
28.305156	0.000000
28.369942	0.000000
28.514075	0.000000
28.616142	0.000000
28.765129	0.000000
28.817687	0.000000
28.952080	0.000000
29.071151	0.000000
29.127859	0.000000
29.198660	0.000000
29.315857	0.000000
29.393686	0.000000
29.477618	0.000000
29.535648	0.000000
29.647764	0.000000
29.790303	0.000000
29.933630	0.000000
30.046190	0.000000
30.118057	0.000000
30.188675	0.000000
30.308458	0.000000
30.383701	0.000000
30.450495	0.000000
30.516247	0.000000
30.597698	0.000000
30.736535	0.000000
30.805835	0.000000
30.868893	0.000000
31.018365	0.000000
31.104592	0.000000
31.225995	0.000000
31.285477	0.000000
31.431753	0.000000
31.529892	0.000000
31.599833	0.000000
31.700319	0.000000
31.780399	0.000000
31.921625	0.000000
32.037916	0.000000
32.122354	0.000000
32.258565	0.000000
32.342513	0.000000
32.437818	0.000000
32.533823	0.000000
32.663664	0.000000
32.795706	0.000000
32.877422	0.000000
33.023984	0.000000
33.090098	0.000000
33.231506	0.000000
33.317257	0.000000
33.426190	0.000000
33.558607	0.000000
33.672579	0.000000
33.758858	0.000000
33.889677	0.000000
34.019552	0.000000
34.131359	0.000000
34.269056	0.000000
34.399286	0.000000
34.489119	0.000000
34.583545	0.000000
34.733372	0.000000
34.844070	0.000000
34.951942	0.000000
35.012197	0.000000
35.134928	0.000000
35.225583	0.000000
35.299881	0.000000
35.384130	0.000000
35.461251	0.000000
35.596685	0.000000
35.726754	0.000000
35.822068	0.000000
35.873475	0.000000
35.976491	0.000000
36.094662	0.000000
36.184240	0.000000
36.250195	0.000000
36.374917	0.000000
36.441146	0.000000
36.585171	0.000000
36.713147	0.000000
36.767302	0.000000
36.880841	0.000000
36.931485	0.000000
37.041889	0.000000
37.179808	0.000000
37.299225	0.000000
37.380812	0.000000
37.525177	0.000000
37.623020	0.000000
37.714985	0.000000
37.836097	0.000000
37.904050	0.000000
37.997238	0.000000
38.144464	0.000000
38.236711	0.000000
38.377417	0.000000
38.524274	0.000000
38.620312	0.000000
38.714467	0.000000
38.853633	0.000000
39.003108	0.000000
39.071797	0.000000
39.171365	0.000000
39.232428	0.000000
39.365458	0.000000
39.484879	0.000000
39.615362	0.000000
39.745694	0.000000
39.835148	0.000000
39.939156	0.000000
40.000599	0.000000
40.138461	0.000000
40.231875	0.000000
40.302787	0.000000
40.385347	0.000000
40.441433	0.000000
40.582004	0.000000
40.721273	0.000000
40.787552	0.000000
40.858198	0.000000
40.976172	0.000000
41.102448	0.000000
41.198551	0.000000
41.343363	0.000000
41.475933	0.000000
41.595065	0.000000
41.690010	0.000000
41.752571	0.000000
41.848725	0.000000
41.974157	0.000000
42.076148	0.000000
42.207424	0.000000
42.318678	0.000000
42.399714	0.000000
42.521355	0.000000
42.579343	0.000000
42.670613	0.000000
42.791679	0.000000
42.910327	0.000000
43.037635	0.000000
43.173321	0.000000
43.317253	0.000000
43.393931	0.000000
43.480030	0.000000
43.544713	0.000000
43.614815	0.000000
43.675821	0.000000
43.819873	0.000000
43.958690	0.000000
44.050897	0.000000
44.123263	0.000000
44.270676	0.000000
44.339862	0.000000
44.413243	0.000000
44.499701	0.000000
44.570391	0.000000
44.654105	0.000000
44.779551	0.000000
44.845767	0.000000
44.994148	0.000000
45.070849	0.000000
45.195738	0.000000
45.305410	0.000000
45.388592	0.000000
45.488888	0.000000
45.621632	0.000000
45.688787	0.000000
45.774350	0.000000
45.895656	0.000000
45.965354	0.000000
46.016003	0.000000
46.154514	0.000000
46.212398	0.000000
46.326874	0.000000
46.471592	0.000000
46.528088	0.000000
46.621257	0.000000
46.707565	0.000000
46.788023	0.000000
46.933051	0.000000
47.020507	0.000000
47.099948	0.000000
47.150087	0.000000
47.267475	0.000000
47.368607	0.000000
47.450960	0.000000
47.523983	0.000000
47.632914	0.000000
47.703226	0.000000
47.818147	0.000000
47.939421	0.000000
48.051571	0.000000
48.191979	0.000000
48.282357	0.000000
48.427665	0.000000
48.558499	0.000000
48.648024	0.000000
48.781111	0.000000
48.903219	0.000000
48.964700	0.000000
49.102600	0.000000
49.162920	0.000000
49.288840	0.000000
49.350901	0.000000
49.425410	0.000000
49.515494	0.000000
49.569757	0.000000
49.689343	0.000000
49.793479	0.000000
49.857574	0.000000
49.938017	0.000000
50.008615	0.000000
50.140896	0.000000
50.206128	0.000000
50.327948	0.000000
50.472495	0.000000
50.583531	0.000000
50.635828	0.000000
50.766340	0.000000
50.844329	0.000000
50.956763	0.000000
51.097360	0.000000
51.193801	0.000000
51.323962	0.000000
51.469358	0.000000
51.611025	0.000000
51.695160	0.000000
51.805345	0.000000
51.954852	0.000000
52.023653	0.000000
52.132411	0.000000
52.250305	0.000000
52.300315	0.000000
52.409705	0.000000
52.558501	0.000000
52.632387	0.000000
52.683086	0.000000
52.808091	0.000000
52.948257	0.000000
53.025861	0.000000
53.164611	0.000000
53.264890	0.000000
53.402640	0.000000
53.523453	0.000000
53.647944	0.000000
53.794367	0.000000
53.919329	0.000000
53.983241	0.000000
54.113978	0.000000
54.182191	0.000000
54.315996	0.000000
54.421441	0.000000
54.549819	0.000000
54.699133	0.000000
54.833191	0.000000
54.977623	0.000000
55.068959	0.000000
55.156995	0.000000
55.225914	0.000000
55.278061	0.000000
55.342720	0.000000
55.476270	0.000000
55.599305	0.000000
55.655094	0.000000
55.778532	0.000000
55.912807	0.000000
56.056245	0.000000
56.147056	0.000000
56.267385	0.000000
56.333119	0.000000
56.408079	0.000000
56.431821	0.000000
56.519480	0.001901
56.545366	0.001898
56.669252	0.001894
56.677203	0.001890
56.724378	0.001887
56.781121	0.001883
56.798543	0.001880
56.892521	0.001876
56.897846	0.001873
57.007375	0.001869
57.033425	0.001866
57.084413	0.001862
57.164997	0.001859
57.202966	0.001855
57.279589	0.001852
57.298170	0.001848
57.371288	0.001845
57.389439	0.001842
57.436256	0.001838
57.499515	0.001835
57.506672	0.001832
57.616686	0.001828
57.641997	0.001825
57.740606	0.001821
57.747476	0.001818
57.819858	0.001815
57.880941	0.001812
57.937285	0.001808
57.948525	0.001805
58.022442	0.001802
58.041891	0.001799
58.097797	0.001795
58.124960	0.001792
58.218890	0.001789
58.274168	0.001786
58.311610	0.001783
58.412010	0.001779
58.423485	0.001776
58.486793	0.001773
58.534955	0.001770
58.596819	0.001767
58.616618	0.001764
58.735007	0.001761
58.742142	0.001757
58.812032	0.001754
58.832544	0.001751
58.897902	0.001748
58.959698	0.001745
58.964871	0.001742
59.051679	0.001739
59.085984	0.001736
59.163544	0.001733
59.206551	0.001730
59.266304	0.001727
59.267258	0.001724
59.324190	0.001721
59.386268	0.001718
59.421582	0.001715
59.455663	0.001712
59.505724	0.001709
59.587892	0.001706
59.591507	0.001704
59.668665	0.001701
59.669188	0.001698
59.743835	0.001695
59.755505	0.001692
59.861459	0.001689
59.876784	0.001686
59.954914	0.001684
59.975573	0.001681
60.032628	0.001678
60.072462	0.001675
60.103410	0.001672
60.155238	0.001669
60.207487	0.001667
60.227718	0.001664
60.286081	0.001661
60.331730	0.001658
60.392146	0.001656
60.402485	0.001653
60.478484	0.001650
60.496454	0.001647
60.618163	0.001645
60.637931	0.001642
60.713717	0.001639
60.733020	0.001637
60.791836	0.001634
60.802276	0.001631
60.845745	0.001629
60.920996	0.001626
60.951223	0.001623
61.001245	0.001621
61.025630	0.001618
61.064125	0.001616
61.140447	0.001613
61.150543	0.001610
61.215897	0.001608
61.284432	0.001605
61.329310	0.001603
61.410194	0.001600
61.461075	0.001597
61.466733	0.001595
61.557406	0.001592
61.583189	0.001590
61.645236	0.001587
61.699203	0.001585
61.775656	0.001582
61.791429	0.001580
61.867332	0.001577
61.900891	0.001575
61.965758	0.001572
61.967502	0.001570
62.097939	0.001567
62.104106	0.001565
62.199855	0.001563
62.233241	0.001560
62.267940	0.001558
62.302195	0.001555
62.366457	0.001553
62.385424	0.001550
62.450306	0.001548
62.509763	0.001546
62.565076	0.001543
62.633283	0.001541
62.634397	0.001538
62.742496	0.001536
62.759101	0.001534
62.879533	0.001531
62.882710	0.001529
62.957953	0.001527
62.966756	0.001524
63.015009	0.001522
63.077203	0.001520
63.147907	0.001517
63.225278	0.001515
63.247031	0.001513
63.278928	0.001511
63.357659	0.001508
63.415279	0.001506
63.436086	0.001504
63.492276	0.001502
63.550259	0.001499
63.556945	0.001497
63.637204	0.001495
63.682901	0.001493
63.736245	0.001490
63.785184	0.001488
63.816782	0.001486
63.853217	0.001484
63.888224	0.001481
63.970303	0.001479
63.978443	0.001477
64.058897	0.001475
64.098352	0.001473
64.126475	0.001471
64.187599	0.001468
64.247567	0.001466
64.254755	0.001464
64.343057	0.001462
64.395202	0.001460
64.406475	0.001458
64.480698	0.001456
64.546939	0.001453
64.607060	0.001451
64.623035	0.001449
64.685437	0.001447
64.688873	0.001445
64.774940	0.001443
64.798312	0.001441
64.899819	0.001439
64.929354	0.001437
64.961689	0.001435
65.061304	0.001433
65.069086	0.001431
65.157100	0.001429
65.198638	0.001427
65.235701	0.001424
65.312202	0.001422
65.313258	0.001420
65.410956	0.001418
65.412300	0.001416
65.500831	0.001414
65.525149	0.001412
65.567366	0.001410
65.619578	0.001408
65.646825	0.001406
65.724079	0.001404
65.786746	0.001403
65.790005	0.001401
65.892928	0.001399
65.903215	0.001397
65.978660	0.001395
66.029150	0.001393
66.035345	0.001391
66.087496	0.001389
66.155941	0.001387
66.156487	0.001385
66.225443	0.001383
66.240240	0.001381
66.328771	0.001379
66.343626	0.001377
66.459692	0.001376
66.470124	0.001374
66.546654	0.001372
66.588991	0.001370
66.615664	0.001368
66.685442	0.001366
66.707728	0.001364
66.751277	0.001362
66.831450	0.001361
66.843512	0.001359
66.910887	0.001357
66.967561	0.001355
67.024295	0.001353
67.075735	0.001351
67.122669	0.001350
67.214854	0.001348
67.246834	0.001346
67.325573	0.001344
67.380430	0.001342
67.405918	0.001340
67.482945	0.001339
67.508746	0.001337
67.550900	0.001335
67.653602	0.001333
67.679752	0.001332
67.786249	0.001330
67.787179	0.001328
67.879569	0.001326
67.928871	0.001324
67.934861	0.001323
68.014434	0.001321
68.072908	0.001319
68.103445	0.001318
68.173506	0.001316
68.203806	0.001314
68.261617	0.001312
68.299496	0.001311
68.322939	0.001309
68.439558	0.001307
68.471824	0.001305
68.520029	0.001304
68.578052	0.001302
68.656315	0.001300
68.657768	0.001299
68.767480	0.001297
68.785728	0.001295
68.863818	0.001294
68.897956	0.001292
68.938041	0.001290
68.973348	0.001289
69.014423	0.001287
69.047894	0.001285
69.084495	0.001284
69.147178	0.001282
69.183849	0.001280
69.215395	0.001279
69.276932	0.001277
69.278759	0.001276
69.345490	0.001274
69.386302	0.001272
69.452469	0.001271
69.455079	0.001269
69.531730	0.001267
69.600042	0.001266
69.667754	0.001264
69.712350	0.001263
69.735337	0.001261
69.810410	0.001259
69.861646	0.001258
69.916878	0.001256
69.972921	0.001255
69.987680	0.001253
70.032044	0.001252
70.040148	0.001250
70.148186	0.001248
70.159367	0.001247
70.233069	0.001245
70.285863	0.001244
70.322079	0.001242
70.396569	0.001241
70.464082	0.001239
70.503320	0.001238
70.528926	0.001236
70.560710	0.001235
70.623904	0.001233
70.709079	0.001232
70.758853	0.001230
70.839586	0.001228
70.880830	0.001227
70.959032	0.001225
70.970948	0.001224
71.035602	0.001222
71.099194	0.001221
71.107512	0.001220
71.198655	0.001218
71.255333	0.001217
71.262418	0.001215
71.339939	0.001214
71.366631	0.001212
71.395272	0.001211
71.500950	0.001209
71.511289	0.001208
71.558341	0.001206
71.582014	0.001205
71.659712	0.001203
71.706989	0.001202
71.727983	0.001200
71.846977	0.001199
71.854157	0.001198
71.927541	0.001196
71.976270	0.001195
72.031580	0.001193
72.064488	0.001192
72.127871	0.001190
72.166000	0.001189
72.220532	0.001188
72.259002	0.001186
72.346555	0.001185
72.403008	0.001183
72.413331	0.001182
72.482592	0.001181
72.494204	0.001179
72.549652	0.001178
72.630067	0.001176
72.657446	0.001175
72.713733	0.001174
72.757218	0.001172
72.779533	0.001171
72.840096	0.001170
72.904334	0.001168
72.917009	0.001167
73.000315	0.001166
73.055731	0.001164
73.128472	0.001163
73.128635	0.001161
73.201080	0.001160
73.241778	0.001159
73.297813	0.001157
73.302443	0.001156
73.394188	0.001155
73.406461	0.001153
73.454312	0.001152
73.518053	0.001151
73.539977	0.001149
73.638511	0.001148
73.655501	0.001147
73.760749	0.001145
73.764051	0.001144
73.868332	0.001143
73.889467	0.001142
73.973597	0.001140
74.009540	0.001139
74.119777	0.001138
74.155925	0.001136
74.229475	0.001135
74.233796	0.001134
74.295489	0.001133
74.369771	0.001131
74.402209	0.001130
74.475446	0.001129
74.524348	0.001127
74.544577	0.001126
74.602854	0.001125
74.610795	0.001124
74.680906	0.001122
74.741798	0.001121
74.756209	0.001120
74.832846	0.001119
74.887339	0.001117
74.961856	0.001116
74.964204	0.001115
75.059434	0.001114
75.104039	0.001112
75.189531	0.001111
75.190617	0.001110
75.249528	0.001109
75.252743	0.001107
75.321312	0.001106
75.387990	0.001105
75.409870	0.001104
75.473500	0.001103
75.532879	0.001101
75.558952	0.001100
75.606164	0.001099
75.689519	0.001098
75.747858	0.001096
75.791582	0.001095
75.865751	0.001094
75.885747	0.001093
75.974577	0.001092
75.982256	0.001091
76.064895	0.001089
76.100618	0.001088
76.130470	0.001087
76.179519	0.001086
76.263344	0.001085
76.322457	0.001083
76.375203	0.001082
76.453683	0.001081
76.471092	0.001080
76.516777	0.001079
76.602622	0.001078
76.607727	0.001076
76.709557	0.001075
76.729688	0.001074
76.799095	0.001073
76.818499	0.001072
76.882615	0.001071
76.921026	0.001070
77.006078	0.001068
77.006708	0.001067
77.106031	0.001066
77.118468	0.001065
77.189310	0.001064
77.243115	0.001063
77.278663	0.001062
77.346843	0.001060
77.377553	0.001059
77.403858	0.001058
77.466911	0.001057
77.524062	0.001056
77.589670	0.001055
77.634511	0.001054
77.653580	0.001053
77.700545	0.001052
77.788906	0.001050
77.803143	0.001049
77.849053	0.001048
77.877171	0.001047
77.988291	0.001046
78.019678	0.001045
78.044669	0.001044
78.126353	0.001043
78.180320	0.001042
78.214580	0.001041
78.246615	0.001040
78.280337	0.001038
78.355772	0.001037
78.370498	0.001036
78.477691	0.001035
78.481945	0.001034
78.592792	0.001033
78.627359	0.001032
78.684319	0.001031
78.716763	0.001030
78.795282	0.001029
78.813968	0.001028
78.881739	0.001027
78.922207	0.001026
79.000149	0.001025
79.038185	0.001024
79.065241	0.001022
79.109197	0.001021
79.201974	0.001020
79.221021	0.001019
79.256443	0.001018
79.322686	0.001017
79.358741	0.001016
79.378579	0.001015
79.429706	0.001014
79.436417	0.001013
79.548901	0.001012
79.583886	0.001011
79.670193	0.001010
79.708772	0.001009
79.746511	0.001008
79.782480	0.001007
79.854085	0.001006
79.907621	0.001005
79.960985	0.001004
80.029793	0.001003
80.073354	0.001002
80.083784	0.001001
80.162052	0.001000
80.206821	0.000999
80.235732	0.000998
80.310140	0.000997
80.317603	0.000996
80.385189	0.000995
80.419649	0.000994
80.503586	0.000993
80.542176	0.000992
80.620373	0.000991
80.639391	0.000990
80.724760	0.000989
80.737597	0.000988
80.776612	0.000987
80.796202	0.000986
80.859367	0.000985
80.877726	0.000984
80.910153	0.000983
80.990482	0.000982
81.017629	0.000981
81.100661	0.000980
81.135249	0.000979
81.170849	0.000978
81.220489	0.000978
81.272491	0.000977
81.274783	0.000976
81.330919	0.000975
81.387904	0.000974
81.417420	0.000973
81.497571	0.000972
81.526219	0.000971
81.592653	0.000970
81.648710	0.000969
81.666557	0.000968
81.779197	0.000967
81.781675	0.000966
81.843817	0.000965
81.891069	0.000964
81.916806	0.000963
81.948121	0.000962
81.995165	0.000962
82.025512	0.000961
82.054716	0.000960
82.153084	0.000959
82.158448	0.000958
82.260021	0.000957
82.287321	0.000956
82.380181	0.000955
82.393093	0.000954
82.530134	0.000953
82.535824	0.000952
82.604924	0.000951
82.652497	0.000951
82.726036	0.000950
82.786997	0.000949
82.791020	0.000948
82.889246	0.000947
82.898286	0.000946
82.982574	0.000945
83.027397	0.000944
83.127859	0.000943
83.134989	0.000943
83.265424	0.000942
83.269061	0.000941
83.372259	0.000940
83.410326	0.000939
83.473254	0.000938
83.518705	0.000937
83.587674	0.000936
83.619807	0.000935
83.713565	0.000935
83.730342	0.000934
83.807452	0.000933
83.821578	0.000932
83.859093	0.000931
83.960351	0.000930
83.963129	0.000929
84.060377	0.000929
84.069826	0.000928
84.147782	0.000927
84.171944	0.000926
84.202512	0.000925
84.276314	0.000924
84.290720	0.000923
84.331282	0.000923
84.417580	0.000922
84.421673	0.000921
84.535284	0.000920
84.556468	0.000919
84.641682	0.000918
84.666580	0.000917
84.717389	0.000917
84.776195	0.000916
84.808961	0.000915
84.828068	0.000914
84.913406	0.000913
84.953249	0.000912
85.014405	0.000912
85.020176	0.000911
85.100524	0.000910
85.107023	0.000909
85.180414	0.000908
85.238564	0.000907
85.244622	0.000907
85.361534	0.000906
85.367522	0.000905
85.412988	0.000904
85.483703	0.000903
85.562418	0.000903
85.620178	0.000902
85.693258	0.000901
85.742856	0.000900
85.793643	0.000899
85.828581	0.000898
85.902957	0.000898
85.946092	0.000897
85.960573	0.000896
86.012621	0.000895
86.060101	0.000894
86.092315	0.000894
86.146519	0.000893
86.214931	0.000892
86.289714	0.000891
86.312673	0.000890
86.356785	0.000890
86.448328	0.000889
86.458225	0.000888
86.512946	0.000887
86.529845	0.000887
86.647979	0.000886
86.677880	0.000885
86.781016	0.000884
86.781828	0.000883
86.916919	0.000883
86.921730	0.000882
86.979120	0.000881
86.988000	0.000880
87.066591	0.000880
87.071254	0.000879
87.124946	0.000878
87.144693	0.000877
87.194671	0.000876
87.247838	0.000876
87.258369	0.000875
87.324499	0.000874
87.350752	0.000873
87.409676	0.000873
87.434995	0.000872
87.507637	0.000871
87.527751	0.000870
87.591674	0.000870
87.627868	0.000869
87.682062	0.000868
87.691491	0.000867
87.782604	0.000867
87.822397	0.000866
87.859393	0.000865
87.874664	0.000864
87.974528	0.000864
87.999159	0.000863
88.063849	0.000862
88.066402	0.000861
88.134146	0.000861
88.144250	0.000860
88.256586	0.000859
88.276085	0.000858
88.392200	0.000858
88.405996	0.000857
88.536274	0.000856
88.541427	0.000855
88.632699	0.000855
88.658680	0.000854
88.698108	0.000853
88.785081	0.000853
88.828869	0.000852
88.837912	0.000851
88.919812	0.000850
88.958965	0.000850
89.060405	0.000849
89.071087	0.000848
89.118984	0.000847
89.183752	0.000847
89.245398	0.000846
89.312070	0.000845
89.325513	0.000845
89.386597	0.000844
89.455869	0.000843
89.522289	0.000842
89.561889	0.000842
89.671187	0.000841
89.688777	0.000840
89.800122	0.000840
89.812378	0.000839
89.852797	0.000838
89.904462	0.000838
89.927130	0.000837
90.000765	0.000836
90.034700	0.000835
90.050801	0.000835
90.117475	0.000834
90.170021	0.000833
90.258745	0.000833
90.284601	0.000832
90.371293	0.000831
90.424700	0.000831
90.498538	0.000830
90.567609	0.000829
90.588629	0.000829
90.640835	0.000828
90.688167	0.000827
90.748132	0.000826
90.760591	0.000826
90.832246	0.000825
90.858376	0.000824
90.959758	0.000824
90.973687	0.000823
91.039319	0.000822
91.042300	0.000822
91.093196	0.000821
91.188745	0.000820
91.220193	0.000820
91.258064	0.000819
91.321835	0.000818
91.378889	0.000818
91.401634	0.000817
91.499965	0.000816
91.530450	0.000816
91.649579	0.000815
91.680206	0.000814
91.739972	0.000814
91.757916	0.000813
91.822955	0.000812
91.879918	0.000812
91.930118	0.000811
91.973570	0.000810
92.050502	0.000810
92.109888	0.000809
92.122017	0.000808
92.193998	0.000808
92.196430	0.000807
92.263547	0.000806
92.321539	0.000806
92.347561	0.000805
92.406447	0.000805
92.422295	0.000804
92.469176	0.000803
92.483473	0.000803
92.594566	0.000802
92.608875	0.000801
92.703275	0.000801
92.738570	0.000800
92.820357	0.000799
92.869700	0.000799
92.901948	0.000798
92.931247	0.000797
93.012992	0.000797
93.052710	0.000796
93.091762	0.000796
93.149595	0.000795
93.214991	0.000794
93.288090	0.000794
93.307241	0.000793
93.391297	0.000792
93.417726	0.000792
93.500108	0.000791
93.539444	0.000791
93.623187	0.000790
93.666361	0.000789
93.722667	0.000789
93.749818	0.000788
93.772689	0.000787
93.868194	0.000787
93.896473	0.000786
93.973907	0.000786
93.993532	0.000785
94.122706	0.000784
94.131474	0.000784
94.217029	0.000783
94.236010	0.000782
94.309833	0.000782
94.345275	0.000781
94.406151	0.000781
94.410114	0.000780
94.499559	0.000779
94.538529	0.000779
94.575136	0.000778
94.603764	0.000778
94.698239	0.000777
94.715112	0.000776
94.776827	0.000776
94.788533	0.000775
94.869648	0.000775
94.926056	0.000774
94.949131	0.000773
94.990995	0.000773
95.027534	0.000772
95.092996	0.000772
95.130135	0.000771
95.228385	0.000770
95.229704	0.000770
95.313236	0.000769
95.379250	0.000769
95.462278	0.000768
95.462760	0.000767
95.513807	0.000767
95.585130	0.000766
95.626307	0.000766
95.686737	0.000765
95.740398	0.000765
95.820868	0.000764
95.839008	0.000763
95.912650	0.000763
95.962025	0.000762
96.036625	0.000762
96.075858	0.000761
96.164425	0.000760
96.175486	0.000760
96.270014	0.000759
96.271033	0.000759
96.361065	0.000758
96.416496	0.000758
96.483640	0.000757
96.546209	0.000756
96.631281	0.000756
96.634980	0.000755
96.738041	0.000755
96.762027	0.000754
96.869749	0.000754
96.889923	0.000753
96.971623	0.000752
97.016531	0.000752
97.068074	0.000751
97.081137	0.000751
97.121110	0.000750
97.146682	0.000750
97.205520	0.000749
97.217907	0.000749
97.297663	0.000748
97.323126	0.000747
97.378852	0.000747
97.394670	0.000746
97.434446	0.000746
97.480131	0.000745
97.564092	0.000745
97.627959	0.000744
97.647446	0.000743
97.774929	0.000743
97.788814	0.000742
97.838031	0.000742
97.891766	0.000741
97.987434	0.000741
98.035588	0.000740
98.057388	0.000740
98.095610	0.000739
98.109498	0.000739
98.182789	0.000738
98.200171	0.000737
98.259034	0.000737
98.274238	0.000736
98.320171	0.000736
98.380240	0.000735
98.422020	0.000735
98.512005	0.000734
98.527909	0.000734
98.648252	0.000733
98.651392	0.000733
98.740541	0.000732
98.779020	0.000732
98.829536	0.000731
98.864689	0.000730
98.952419	0.000730
98.980739	0.000729
99.066872	0.000729
99.125896	0.000728
99.193876	0.000728
99.255851	0.000727
99.272979	0.000727
99.312051	0.000726
99.336424	0.000726
99.459559	0.000725
99.483478	0.000725
99.562437	0.000724
99.605094	0.000724
99.671258	0.000723
99.681686	0.000723
99.801730	0.000722
99.809580	0.000722
99.856438	0.000721
99.923156	0.000720
99.931441	0.000720
99.997357	0.000719
100.057175	0.000719
100.069184	0.000718
100.119850	0.003589
100.125095	0.003587
